2.29640402302133 -3.07214664801618 1.95266202560087
1.63956544389512 -1.95055370762062 2.06189248199948
3.4146703585592 -3.10029439814362 1.01769099429902
0.411062823322205 3.20450910732316 -0.363062996816354
4.02825685910157 -3.177727541334 2.50466349418824
2.65781415614896 0.343014798289009 -0.301637190750879
1.18728239105074 2.42446966082723 0.891925270428366
5.57289340983613 0.865901952932699 0.55588547039842
0.269971804584622 -1.61902675570987 1.00754224792788
2.41758951113845 1.10003158874596 -0.0566529355261349
2.18561849332042 -0.899742819259703 0.617898201787386
2.08091731203335 -1.0438589889789 0.841761899189555
2.5529342607243 -3.78857242469537 2.3723069512658
1.0182692652266 1.70800102419116 1.13936389302658
2.34871565549567 -3.77219129326104 3.7193088805077
4.06866108252099 -3.30002879517297 2.98069846355829
2.03458540581937 -1.32039282970636 1.0280130332269
1.57405597379103 1.18097087121494 1.16981391126443
1.63044044798476 -2.72580869935461 3.76294961999772
1.54477438639694 -2.07726906592311 2.33307839986298
3.35608260329959 -4.33806462182734 3.45894380832043
2.68842305447862 -4.21178016556844 3.01054833516746
1.7567243995543 -1.3943392982147 1.49054280342396
2.42985592704211 -3.65906837785377 2.59226400219124
3.73904648788775 -0.608111341300022 0.14245388101333
1.90348642480331 1.81531994701364 0.595301632435713
5.86031661783156 -3.74961669162436 3.60349673807586
2.19555408037306 -0.539522753288823 0.524780905828818
0.811690697381892 -1.66768267404815 1.92624614696549
2.37204609547547 -3.57020079582375 2.63724501709306
5.4387974212076 -2.95795523410058 2.7813541127661
3.05824543286165 -1.08619706833811 -0.415641320783808
0.540322764027152 -2.95296828253582 3.84865207036863
1.62478934553237 -0.000814118996569945 1.26044336273074
1.85159460514483 -2.85517816847489 3.14504735599518
5.8366515118596 0.735196482796541 0.195446778332158
0.903093510551574 -1.02173401230795 1.6082747039817
5.60143920739047 -0.967328346382174 0.746686195596342
5.58454927944701 0.771018064982002 0.560404120312954
0.841677015939396 -2.40635456094883 2.88624472874386
4.79825862108772 -0.433304916855854 1.17405584687396
3.51920443039327 -4.08988032643152 3.11013856056424
1.53749918545295 -0.0914221102885519 1.3438910203113
1.09370004653812 5.12135975310327 -2.15116652793821
5.16369919778334 -0.628780228100853 1.11027026637175
5.81889390035845 -3.02237827531143 1.86986382848877
4.17471163344079 0.72436614954231 0.621293144915746
5.80564789618528 2.55168436373425 -0.515956162600588
2.45567203740045 -3.87230380597365 3.13855937351576
0.128991799172205 -3.68855551770912 3.75889404718293
5.72672647679692 -0.000155126472419145 0.431949339307496
2.49215616642418 0.324635052144889 -0.0433720472410595
3.83156207731816 0.706085117309406 0.15909153611684
0.2377446217363 -1.77351826476573 1.02266776628292
1.91135432465897 -2.56285584071184 2.31379449752278
3.49383071432673 -3.67254301346099 1.92524720363041
2.72648903028144 -4.04807922952229 2.30963811566825
0.223454151520806 -3.35770869990316 3.01915816179241
5.86526865092153 0.852411844352951 0.125934300293358
1.69958642835798 -2.5097467502965 2.75213032756277
1.96278155379735 -3.0363248934741 3.20788181183351
2.21952514791308 0.233893488019376 0.429436267023118
0.789433948584697 -1.98365971951891 2.19291667527379
0.300209286791914 -0.213090323141275 0.664659657070866
0.372672657929385 -2.8141872961458 2.442419778949
1.46489311442365 3.09130350837823 0.395796597412721
4.36415285704498 -0.405268745439237 0.926906576231286
0.219262850657699 -0.66637642399001 0.559875012422577
3.55578627007487 -0.104820346203019 -0.14104717767765
2.00131555298961 -3.16552267928139 3.54517842324825
2.20291340638424 -2.73796497421871 1.77038403550089
2.00633950498408 -2.17636319668472 1.64363021273537
0.19120648379452 -2.64284962514716 1.61238246384664
0.331973747332899 -3.28020375881477 3.77311869124694
0.290066543481735 -0.191737224068341 0.643151763843637
0.754351406534032 -0.198506269744171 1.28365539491104
4.08469023198321 -3.42819569047579 3.84251222942481
3.04205561029068 -4.5396636573392 3.54956321525853
0.0357510167141748 -1.82370430018665 0.536745013495895
2.82851440998136 -2.695672407291 0.422310717167006
1.79333823522925 -1.55004664016119 1.54704554371021
2.51795168715441 -4.05883288903448 3.66566504446585
4.98757012654667 -1.81323407164837 1.75700134599885
1.85559280581593 -2.22613555380549 2.00004511765675
1.22078240300717 -0.734636348271224 1.57503239809392
1.408926666958 0.533294573440793 1.39025878592678
2.80376572501817 0.632928899604852 -0.512351143936765
1.21568018512442 1.32262711813826 1.28299154276433
5.34067785984559 -3.09514068411637 3.80702375460949
0.4423605554844 0.676753781310378 0.84728250232948
5.55681037281162 -3.30374897249906 3.56190549039515
2.36834589909769 -0.336219100447149 0.196231944381318
2.56724770275519 1.24472847899715 -0.35894124228133
2.32329749776955 -2.03828712937474 0.867169456308908
4.78346967022667 -2.45719713588302 2.51220192554556
4.53953184960134 1.49870812495691 0.797511212172346
1.69546202625205 -1.69209559027359 1.76198517221192
0.664249906344169 0.145199387779987 1.18097504349822
3.63183675667523 -4.03763178048247 3.75963392581914
1.05472299684015 2.81357925138763 0.658252624232504
3.88812988503704 -3.51343286132066 2.8349869873768
1.04915965521826 1.07791639049695 1.31847472678857
3.52386154311205 -3.90905796371235 2.5101586519204
2.16434675653448 -3.45837909103867 3.77798303416343
5.99868198536902 0.854320057694158 -0.0930995884623946
0.891268156525622 0.671080641654864 1.32633625383999
2.82583302354168 -4.18158126150437 2.41003613166928
0.69518818720733 -2.78937145576739 3.99889819315106
5.35318197525143 -0.974809216273272 1.03787347067801
0.194352266121762 -2.78731229495194 1.791556390612
5.71510820015128 0.0446070521566842 0.447736501447093
5.40957872919569 1.41539361820898 0.613938202557102
4.12232818173802 0.226599839536321 0.605484606141376
1.65716873633518 -1.94910219005776 2.03682059895487
0.32224204192224 1.8286899856647 0.319092203701022
5.5241161814121 -3.13917060243113 2.98660702361728
1.30020455926737 -2.54845809043509 3.90301649257967
5.66762365628516 -3.39620763221586 3.23634626035501
5.5541723655314 -3.3242309672426 3.83983886196128
1.66010520098873 -1.97341181443167 2.05731604721626
2.21622985172078 3.41574227143448 -1.15958862785427
2.4498835469046 -0.777763177824583 0.121383839695412
3.12737880964015 0.480740385654055 -0.565191067935627
2.72714698826733 -2.97955769538304 0.798228204257028
2.45975724251915 -3.95958308004269 3.66622240726074
0.667707726478469 -2.81069653789066 3.93409280678888
3.79401068480542 -3.52488966057884 2.50462051330334
0.459247053567318 0.626068569587627 0.881978621252412
3.62854047261979 -3.9932022420924 3.32273393967162
2.33381997970458 -3.30546762824412 2.21263038194056
1.69424819678348 -0.18288457770444 1.20896314409998
3.20577545712448 -4.11404896504687 2.14449721159019
1.08541981828147 -1.38835673398145 1.85746404292976
1.36653840913153 1.78206263259944 1.12041707861064
2.71398539493092 1.03665775103866 -0.526646846869586
5.83319776557757 0.654044643036981 0.218549532604949
1.04798720282946 2.19949840992683 0.973923571166825
2.10426886787627 -1.75073510840034 1.12784799199593
0.740956768172225 -1.27267560075904 1.57479494318704
2.48667453796994 -1.71161022786183 0.364373186906306
0.105609405704153 0.534362174988927 0.212040011669611
1.51288790799789 4.52296097165862 -1.14683860425499
1.64821852060699 0.236047071171643 1.24089310970965
0.329678498260956 -0.392245304398092 0.73400123918002
2.31898045548485 -1.77091564207765 0.716999645386123
1.31439623143279 -2.56315984319718 3.95909542175951
0.497804787858359 2.81963369862835 0.0986334587584203
1.77025342425158 0.958405483100183 1.01752767933156
4.25447021433811 -3.02164153057127 2.87679229945364
3.85997130469568 -3.64149236796731 3.1452859662034
5.87816350460879 0.64475208058007 0.14783638536004
2.07299906806895 -0.693592666170379 0.761797194167093
0.31500099845037 0.864454232665235 0.597455880084337
1.73598192296607 1.3153571100643 0.989393932729686
2.38067027858785 -3.09289632121258 1.72784221930252
0.714913188841661 -2.70183585249456 3.44863020565416
1.06505777049598 -1.50232147372492 1.93619043717027
3.20446084351499 -4.28094659634669 2.61714927101281
0.736837534816878 0.60907190818287 1.22017471664101
1.88712235179039 -2.98392613926364 3.48802018673364
3.46231347586544 -2.40594386578372 0.489289307244522
1.66029852579474 -0.0306591268718099 1.22710848377535
0.734398194198532 2.37532509602154 0.685678193902995
0.505394610143664 2.63497013514652 0.234222310375963
4.09289227286291 -3.01226501714883 2.3779230742351
0.134782750752263 -3.6723474058143 3.70418098875169
1.00663047552164 -1.32603372497034 1.79236471091186
5.82435726246066 -3.65269261091928 3.37301017226371
5.4621875938031 -2.17202452684643 1.62443563320319
1.5417500821387 -1.9993716881605 2.24216977225771
3.26175090191529 -4.37640086110943 3.12616059307788
5.94871699195222 -3.55128595675256 2.36121800416136
2.46506832751266 -3.97989741751361 3.88999414785844
1.24962802051587 -1.2577764526969 1.80169014137231
4.48635098958352 -1.37085485847627 1.35161197206014
3.67023747955852 -3.98682526806495 3.75485065478999
0.149038188760347 -3.3296349878838 2.49494391057435
0.684471161156833 -2.68997699832966 3.27324466095063
5.82678053063088 -3.42484574727269 2.57665149063134
2.8131304173753 -4.39910969139408 3.30393762996305
0.46133010467511 0.899214735557628 0.840750825302779
3.97640617164737 -3.5187375224669 3.34579805235635
0.867257180088601 -0.956002798128049 1.5491433668771
3.3291655766298 -4.36119256963071 3.4182356190221
5.79382204656496 1.02197025110372 0.212065519059976
2.34804025035193 -2.99308142228191 1.69287390912208
4.04748087472116 -0.127263640464457 0.520691840775307
3.1465835942924 0.638689251147254 -0.557042245055435
0.720224746144225 -1.05558471730956 1.45807547324683
1.07356863493543 4.75377192195777 -1.3600850228819
1.07364679588867 -2.0346071146795 2.45210110078457
1.04744541355272 -0.533265633662437 1.50129635473976
0.753818289405873 1.99887379857025 0.870376517684731
3.9188354843983 -0.186300436817989 0.346817724739903
2.60896418433449 -3.38664371025946 1.47914803412692
1.22705473277778 0.380863011072896 1.42720558438263
1.40001123175787 -2.04326482422301 2.40884295529999
1.67978551811688 -1.74983738292203 1.82340993909062
2.10821422863079 -3.18755364260464 2.90535617977833
0.809365693148286 -0.357359140861131 1.33106609033997
2.56945944517247 -2.62031308503036 0.777288493254816
3.62195565910271 -4.02698029685786 3.51403962458635
4.56532445977511 -2.93282713266984 3.99967184288989
5.60205212131762 -3.3718612996038 3.66022529739604
1.41336537518273 -2.03073158914988 2.38479082034011
5.08096012839918 4.42447143104723 -1.52565255389992
0.291560893801482 -3.2395073235834 3.13185572398932
2.01687210743397 -3.02087112664991 2.867121307652
0.583096306170614 -0.987419110014733 1.26134446055255
5.76615741494845 -3.61771527532922 3.91993624897077
0.0210776994331498 -1.30225076091249 0.274834303958348
5.17056580664043 0.468051557538586 1.00344667791189
0.176888147111457 -2.31826173049883 1.25552758821894
2.23365910151149 -3.58122971823019 3.88652483036186
2.5082285733714 -4.05199620847895 3.89807180186001
5.50607874486331 -3.17576292883429 3.20242622408443
4.84285689290698 -2.80636377974875 3.37853495818515
0.588297129638517 -2.89395458461572 3.92925024802624
2.24670475464949 1.55296704630388 0.104765230508208
1.80680476481385 -2.88794095866936 3.51321582734437
4.43858331926869 0.518971451279071 0.935744480274548
1.92982077326641 1.91340579011329 0.518080768375432
1.56268298242422 -0.360538051040448 1.33460178853461
4.39931537751036 -3.06410304256754 3.86056083609816
1.63561432484807 1.07590876433243 1.14721064382023
2.87245690815559 -4.5235835645459 3.92147858408498
2.27541091708399 -3.64985890636017 3.81031332435525
2.44277677991893 -1.51738014940235 0.360553194286829
1.98935069249423 -0.398395358531179 0.844947740683615
3.3594199961256 -4.30730536701806 3.29338063747432
0.867851552497972 -2.62341029515794 3.6654893199704
5.39635603904391 0.205121526284982 0.836913283842758
0.128984119909599 0.239193187767435 0.295778681320087
1.94886668881417 -3.1104379440343 3.78078039050521
2.8413116304113 -1.41694994044366 -0.24964016010567
2.75248566388242 -4.39517427000331 3.9989773089447
0.86084049155178 4.20090292633828 -0.693249688899582
0 -2.98855269788676 1.34824421998131
5.20416441474686 -1.3096942166041 1.31711501682221
5.76415942298913 0.274435123302929 0.369734269531958
4.24878651825793 -0.791225219378981 0.870642475289063
1.27753452570076 -0.434795676839246 1.49185320916689
0.53604657408599 -2.95989547239748 3.93273640855847
5.59105504103547 -0.52500542233373 0.66246164077565
5.72858020851007 -2.03477716369192 1.07082806216382
0 -0.916292252927545 0.110907812571493
2.95291440853824 2.26252783823808 -1.35849877291134
0.955088058390087 0.178468023848054 1.40862756627809
2.64066755583858 -4.22959447282585 3.44499899381679
1.63168463873683 2.18229715242056 0.785697935018972
1.76518830020356 -0.778132252940414 1.23110883273042
0.49052071162586 4.12276317593844 -1.22381086762329
5.52659428460441 -3.29910875983114 3.97217188024378
0.0535505674975359 -1.44617243200773 0.409006517364209
2.36455723437356 1.40286875120921 -0.0555225219291928
0.583373961468584 1.11032123698234 0.974532913697401
6 -3.91231874111606 3.17643334711902
0.896821131617407 -2.46147354542722 3.13627737580762
3.13850802668305 -0.377898087034743 -0.530468267094496
2.12497473554067 -3.19829040966731 2.84459717728194
1.110980321666 -2.44316505244113 3.30904299022017
1.18799957352025 -2.53165798180728 3.78976727222767
1.22133437710988 -2.53602132375204 3.70268665961171
5.78583402768047 -0.415157111248794 0.373837140663088
5.19003041194021 -1.6853692835657 1.55116609927902
2.65222706014685 -2.99355804447646 0.939270436824635
1.0524809063062 -2.48481739763312 3.47058517336089
4.80851530177705 0.270162132754263 1.11754005229484
1.74869183914504 1.58363673997205 0.882255350517059
2.27194634231348 2.02833579506307 -0.155142015752743
2.60924988090933 0.970566185235724 -0.34183210337276
0.362794924883684 -3.1346673032908 3.20750920127148
3.74664298038719 -1.92184127040144 0.614597702374127
5.75810913036003 -3.59389340766001 3.72643452121202
1.42284162088858 0.918372886278871 1.31229899357697
0.7251773463217 -2.7271378464649 3.64600401688613
5.72025084158774 0.858856257472529 0.355799511807676
1.18982386445055 -2.4566588151002 3.37958938589064
5.58256923107535 -2.94049011908117 2.35476669759192
1.17305172719642 -2.24546362842374 2.81870783225027
5.95404646758064 -3.91501757758794 3.81566221725854
1.60720010751416 -0.642315418819454 1.36815759540061
4.06595485880072 -3.44690296097246 3.705549179309
0.261321069422425 1.06771856353241 0.45126724510201
1.72483082261316 0.0247048687139583 1.15760084927605
2.28781714057486 -3.67559313471672 3.91852472587779
1.03087690274665 1.86340087355262 1.10668896475762
0.30907050784377 -3.32586043886826 3.92173242441557
2.63348277736618 -3.42850640470892 1.47663146096879
2.63504766021348 2.72791397413101 -1.43150220282248
0 -3.95410293709471 3.42836631739124
4.3861758577617 -2.97101730237006 3.18277831045709
0.670377198401932 -2.02866372741568 2.06537836616216
2.33281215740136 -2.65818133133835 1.35091849571231
4.16963596597669 0.49550415559934 0.644891639740054
2.27718599113268 -3.55068408969612 3.11721052999324
2.0882077053946 -3.30962342164325 3.56171867712836
2.35015909337189 0.809723384106682 0.131005905111287
2.53232146251907 -4.04686989212685 3.38226858167423
0.557057201838172 -2.45501021242279 2.38251565638185
3.90803949381056 1.298710573963 0.123445160732162
0.647603436101328 1.55528282156049 0.935312186121584
3.76400188706871 -2.17923955927716 0.800031509969771
2.22071449951531 -3.43490222034386 3.064053199132
2.25357048225629 3.40455150914714 -1.24704206936867
5.04183299028189 1.97539711177644 0.679937134102175
2.71584879356132 0.822545537612821 -0.471670994210402
0.71847388339574 0.120232559550659 1.23767872445705
2.10740468352613 -3.35388837453333 3.6926480162456
3.92691817246442 -3.33838902974227 2.5292440729555
1.86766932557849 -1.38562323863206 1.33552372983815
5.42045335429847 -1.06298164220289 1.00719524131313
1.83345198718243 0.76405946659782 0.980867715154041
3.71746944129429 -2.03122493807017 0.635851774482171
0.403327487273072 -0.175463792411022 0.843235918658611
1.58890248003318 0.941252273683568 1.21881019260607
3.93151945309931 -3.61788313634581 3.58305172758778
4.71597072171111 0.603005615323819 1.06215513975234
2.39111789039929 -3.82092505850186 3.50353016026599
2.12038035160441 1.08679172463073 0.475355047966379
2.1555858177332 -1.20488805886052 0.769322163358604
1.26108856917855 -1.93567082883025 2.34936780070046
0.319707842553153 0.73189756625616 0.63301019588507
0.451944574727484 -3.0778078105778 3.8011257653346
0.0750422226090042 -2.84847393297927 1.45473173462798
2.3928880528386 -2.25779046282307 0.870835410683809
0.481688667606659 -2.70549640326956 2.60416191669042
3.08838603697431 -4.54049401332987 3.65037969653416
0.0488626216234215 -3.77992893937615 3.11623121791293
2.68605368568828 -4.18763593164993 2.91221230121466
5.76415942298913 0.274435123302929 0.369734269531958
5.29524344394392 -2.1981556768816 1.87746447523876
1.48352764777568 1.48453206926214 1.16663899814079
0.776057980585363 1.41456508937197 1.0984797149352
0.0390941964561591 -0.197633922283194 0.101870429308885
5.7811574261585 -3.61447972942712 3.55194189270319
1.55646952225752 3.05094917942202 0.348960785986249
5.93480120011656 -0.812711878235709 0.195360876664279
1.27399306018848 4.79645453009889 -1.38837992049766
5.84856230797821 -3.41359949452778 2.46419033159777
4.93949403330456 0.305143707861196 1.09039019845636
5.8175759551552 -3.6784750485132 3.5936547432161
1.80749050601868 -0.920759369002604 1.22198849012556
0.958658985268373 -2.53317304385957 3.50295071607541
2.37508106000001 -3.81388092667936 3.65023747771187
1.29290138831136 3.78140030059841 -0.0927865121132692
0.0125745953079129 -3.97061530272225 3.99998415667983
2.81654442248445 0.700912264794864 -0.550271808488899
3.78824109334104 -0.614557240209095 0.210906153186488
5.09066593702601 -2.17424814625832 2.04397661845738
0.413911972961302 -0.646995388034815 0.916625430762699
0.265905944083599 -3.38303417508661 3.58582095538027
1.45259179128786 -0.976443696392651 1.57526227815994
2.45670152370424 -2.72930786321525 1.11928659658035
0.990326929348915 -1.78066429003498 2.11540150027621
1.31106411135191 1.95254129374498 1.07678056123426
0.584951766663434 5.07164456335218 -3.57292846724734
1.62773318710829 -2.46125358361639 2.8198288379674
4.35033738542499 -3.06679944397384 3.50518088172896
0.471305574940629 -0.050902351528836 0.938914710771416
1.2823330065943 0.0289733585529419 1.44444915413225
3.14965786273343 -3.42676805981932 1.02139775902353
1.99104787086222 -1.27014243507967 1.07810658038234
0.863036422026345 2.61824128692182 0.674370238556853
4.68061762275963 0.2652663528803 1.10715401472366
2.74889773070996 -4.36658898875966 3.43336454980502
2.21785362695407 1.4773510652066 0.186468794649081
2.43162116381354 -3.0759905215358 1.56252132502613
5.41908822369801 -1.76667600663796 1.36244671937654
2.47349054486925 -3.439156194262 1.96460086632418
5.73116550049821 -3.35264847822206 2.77383041850062
5.16936828713962 -2.94820923204795 3.70063893224132
1.96383691796304 -0.0703457352069437 0.856761012135045
1.02038259499392 0.129605253736672 1.42908834772346
2.20061872191888 -3.17997211074912 2.47613563029288
1.7339256879325 -1.45100976429953 1.54960200705849
1.83003172756432 -0.548780963882544 1.09781759925424
0.0616983796218668 -0.0553647576349427 0.147346146456862
2.47317275444635 -3.58579405879964 2.24267167320176
5.39109855327828 -0.629971923753472 0.907410702208671
0.774007328020297 0.51353167709751 1.25492360828684
1.63369172345447 1.54550861627134 1.02620358073207
4.82813883830437 1.27502968040356 0.958092453055413
5.74098679527667 -3.48870567630307 3.16616589036334
0.877444724430385 0.808699205459518 1.30331855392292
5.64664829301082 -3.4502692716609 3.89746078190076
2.25920851077938 -3.61899453650994 3.73332600889121
3.29640131088595 -3.51607812821233 1.30836036605218
0.952893729835294 0.748729843237281 1.36333781673177
3.81260561463046 -3.48464660987738 2.47164464670698
1.96154872904222 -2.70293427733746 2.41153421352537
1.8278986254696 -1.49656441319974 1.45642784214301
2.03994297859787 -3.21024015004537 3.44625668965091
2.07491479927379 -2.65373349693569 2.00972057891016
1.10223166785098 -2.28288516448162 2.86052390268944
2.5082285733714 -4.05199620847895 3.89807180186001
0.468790703172273 -3.052216381314 3.81076226981338
0.974806010870334 -2.58139627886655 3.89939981317475
0.279717395100105 -0.547858101620185 0.663996440120958
4.04224522288575 -2.47632634790014 1.54100598605132
2.55978313970415 2.43714196735278 -1.01762323138389
1.45614141292376 1.10139854067947 1.2584506578262
4.67860245781594 -2.06729877984595 1.98627233450709
5.57064377043525 -0.357233305727085 0.663496304559146
1.63760804901292 4.78692322573662 -1.84607429914649
1.53552161577134 0.427197857509635 1.30981663889154
4.39756214518269 -0.419905833059219 0.968453608362075
1.44528448673621 2.44012333834354 0.793918280545268
0.625048976848541 -2.17028678663265 2.14631099654567
2.48104788564942 1.62455652186611 -0.35697304580276
3.36899721732782 -4.29190288220414 3.26705749144344
0.175423108833518 2.96001020163206 -0.743597201016986
2.19445563338961 -3.11722812737387 2.37975278475416
5.92352260606808 1.12209690143501 -0.0298729267203364
3.27490385407046 0.811296513585517 -0.542542022215287
0.353080437173656 -3.24305509792899 3.84605158440352
5.47625847612955 -2.72307813242522 2.24498604135016
1.59960393657342 4.60462840877654 -1.38979944813807
1.25307459523525 -2.54126546021373 3.97239101523064
4.64912183192426 -2.84257397245101 3.37990207420503
4.90364165403275 -0.970698929915988 1.28422199806132
1.24703301978798 -0.179910788411024 1.46252386713498
3.83142153370991 -3.32706901941411 2.21150840709252
2.48166595992025 0.474505649632015 -0.0436216584699431
1.28161583045147 -2.55178672380876 3.96823416403235
3.47238225094657 -3.59493809721404 1.73634782041191
0.52850328958192 -1.99635717509386 1.79607908909152
0.3445145680491 0.600709010003623 0.692220003041931
1.47227712201436 -1.91286466945079 2.21804008900666
2.18800400857433 -0.509828843709218 0.533673852742851
0.228319607646985 -2.19391797156848 1.29265440590741
2.54788988805599 -3.76812765566019 2.34818264703932
0.983545132587975 5.41935077584403 -3.57630603075919
5.61082343009207 3.88259830633027 -1.5655374834007
0.241139525140366 -3.28214018434311 2.89578717078749
1.09492279715455 -2.53495717714633 3.76681777988172
0.87819885256332 -2.58793682901751 3.56174156367403
3.10315249803684 -4.47646570745986 3.22573838247232
1.31839156458804 1.58454167326498 1.21391126152486
0.471294237505259 -2.46636113381834 2.18551440643836
2.88268094625202 -3.27525264154526 0.894815577327553
4.02788465450939 -2.67650313579673 1.72868692010364
0.877604387370293 -2.46177669472363 3.07470221489744
1.93618947498016 -3.02077112574095 3.30050401951367
2.02958394607377 -3.15609343479583 3.23147568688214
1.27764074382591 1.63174634427035 1.21044147640951
2.81703277858436 -4.36078469036262 2.94011416928295
2.48513698425013 0.955875579765736 -0.135882039300895
0.076047286850809 -3.69763269046609 3.04823970762085
5.89046503504763 0.164183420623768 0.17720114109956
2.4256790909347 -3.50413307615697 2.25823363392461
2.08912508881352 0.121127045626829 0.655229540917649
0.546746812430852 0.262101248615387 1.03347586634357
1.9549399116269 0.33708501749151 0.858219208307111
0.45634187895501 -1.67517544917989 1.41603918703441
2.00753472095569 -3.04746901345453 3.00346608913833
2.12138031177988 -0.851583646614002 0.717186878974643
3.29983475813786 -0.360730187329836 -0.405135862107802
2.77493274361753 2.16054446295966 -1.17714765474621
4.11668312882671 -2.33466016258582 1.53496525153499
1.66650196212442 -0.733104738697161 1.32917678580234
5.8577664544823 -3.72718069107662 3.46585917281881
3.73219139915498 -2.61595886415684 1.09492402195876
1.2184313810837 1.42200809003894 1.25171765599069
0.319294868759343 3.06670911624371 -0.459517416550569
0.450998871686979 1.49178111397825 0.674761120976495
5.88975690219775 -3.8104886153416 3.84415077028339
4.24400921217732 -0.524643161540475 0.810802191125135
0.909052970530974 0.873479043778319 1.31972121048398
3.9262613424728 -1.28974124244768 0.585539955358571
1.65507607914512 -1.6443003944997 1.77661813651739
2.1060939503781 -3.36744515713177 3.94511185431363
1.11563800847282 3.17152274694037 0.436650033789219
2.56757423295957 -4.14643712263454 3.81462492280806
5.71930002978366 1.335611572415 0.238978176331102
1.73852015449117 -2.80915773471353 3.56277441406848
2.63548149922941 -3.88962999846539 2.26943919554335
1.25802373958606 5.29188481615779 -2.67769411106979
5.28052129904419 -3.04448548059518 3.93048136401119
1.67635017974804 -2.78625359918154 3.94129191627666
0.337345115292319 4.29008686083274 -2.0444983671758
2.42619808426967 -3.41379186344513 2.08044437725102
0.371128512774125 -0.774507485673439 0.877188963543023
1.99055559629165 2.16968123855536 0.300471628324931
0.820896412702387 -1.87665250943331 2.11497724729484
0.0586639219904042 -1.74503772564572 0.556965793316363
1.28115457634709 -0.0630087936849497 1.45429521258131
2.70541005215206 -4.30330739583393 3.30812079487293
1.13725736048521 1.65628383288362 1.19574048386489
0.580906411618896 0.998102909938689 0.996958339711041
2.70743659538484 -0.601584175482051 -0.311491875387697
0.664434534086668 -1.89488886225179 1.91749643922428
0.0848155857212231 0.908815580684558 0.0979086393345227
0.492151988243344 -2.39501460376784 2.14539276651647
2.30885637899358 -1.66306647992225 0.677870444923552
1.61276928451829 1.6798215428812 1.0063309167634
5.38515706817692 -2.17444253759157 1.72595842734372
2.69226886484643 -0.813676050138626 -0.257898775821864
2.32363228038265 -3.38838320974851 2.42004369016084
2.51098490804515 -0.227050985395486 -0.0532409823249099
5.35256673865721 4.15888045790795 -1.46245811484827
0.599318020969675 -1.71162843615708 1.68284947930945
2.27236500232453 -0.565666718778322 0.395051717358528
2.14603476781554 -1.83009296055634 1.09391418565429
0.428291520700832 1.00013032514535 0.771274251693562
2.21259550823816 -3.383087705464 2.93502773529549
2.18848110005263 -3.3510436981061 2.9730371310856
2.08218970379938 2.49528030274414 -0.0558846872474697
1.12605363671401 1.29987911563621 1.30161807255757
2.02844115350935 0.989339619857058 0.651451264732765
0.658067748795687 1.87113623368006 0.837043189672512
0.579969470464797 4.05872249511334 -0.940947976385681
1.97719750023882 -3.15408117263717 3.80468241893459
5.91323082426246 -3.11113860001711 1.72522265707625
2.7012143589935 -4.34937914218308 3.87081832845122
5.55251022463545 -3.20725316106967 3.11296557398128
1.96955737267261 -1.35120517201313 1.15590807897533
5.21154867888436 0.648571551855631 0.954325662397524
3.89634680916904 -3.60973287405663 3.23961753069668
4.16073133762985 -3.03472057108851 2.61454423751494
0.147612687677422 1.56971971969121 0.046713738569179
0.94269789210585 1.88837035794902 1.05689595479075
3.47539920096084 -4.23553188318566 3.90265494895718
3.5401149325541 -3.51846820853166 1.77865013151321
3.19100669068944 -0.584589419337816 -0.463061595191308
4.98896322506487 -2.25371651894244 2.19064354763865
4.44153587364153 -0.265620037084997 0.989752830762857
5.55193230822108 -3.3169810563837 3.70071461830463
1.85925848012354 -0.248691066218106 1.0143617607139
2.74059134590343 -4.3846501442295 3.60237382969105
0.155789111921025 -3.63417062034652 3.92620127867644
2.51037240066219 -4.03314288184917 3.55832221444305
5.00967750016962 -2.78282871376426 3.22640571244767
1.24541261109887 0.96716245794085 1.38007157210702
0.726712452773189 -1.53220490140744 1.71787373806518
0.226427586033355 -2.78236786797985 1.89720091642393
1.81459846653498 0.207040267971711 1.05255811935455
3.28462931731916 -4.41628031708048 3.67289262676297
0.429923004755002 2.18728413524084 0.355415512062076
4.79605641418751 -2.8840483116473 3.96623025120441
5.98805272021619 -2.30365228090412 0.758820074429303
0.329566180615992 -2.61560193163251 1.99746491376824
1.1072469719269 -1.83562881941804 2.24256626425385
1.54231818581807 0.0303740983992911 1.34016287046482
3.6714378199697 1.0009926949501 -0.121752448756257
1.82462288230768 -2.94588055259862 3.99998830182122
0.3855874698045 -2.78569759290002 2.43644995397111
0 -3.15325492054566 1.54496318372221
2.31270711992667 1.14167928486805 0.119572471327853
0.0644696806107341 -0.573002399948553 0.196129370490125
0.34249672926052 -3.10169883247945 2.9637862983905
3.03359047436598 -4.27992868646737 2.36453255721902
4.06296378754893 -2.60161567602364 1.71154476249995
0.689008605442683 -1.61892766854604 1.73294102535934
0.147202842730472 -1.11379312394144 0.520047781080776
5.49228040540205 -0.000395711226840762 0.734330573755645
2.6873931614379 -4.30387562603151 3.53844668127399
1.89861110766461 -2.75096419565684 2.68600835010928
4.4331213608108 -2.61307316661038 2.45103161927543
5.79262052135215 -3.4669510781536 2.82431698244581
2.30975626299422 -3.53811986592866 2.86800939821165
5.70127778704794 -3.47721749670418 3.41551734759247
2.04851515582642 -1.11913381331119 0.925777242961504
1.20876604565519 2.38242245326451 0.917972319994954
0.673104735269571 -2.80867221689417 3.9650656697215
0.00133941108466048 0.286775555342833 -0.0108490526224583
2.17926512690349 2.75930664818641 -0.440444298299694
5.1924456247598 -1.00440147407766 1.19964762777189
1.71686889344685 -2.77229134579945 3.51522000548266
0.873600522651375 -1.27803707975807 1.71279025090044
2.9565194088246 0.655648642583399 -0.628753071840253
5.20506470040176 0.712135993098983 0.953121184036351
1.9954150456409 -3.18621454773986 3.88264186926402
1.26122285080664 -0.650483330484148 1.55285988054676
0.472479553269556 1.43459776968934 0.728976280925562
2.12423840546119 0.894974004520276 0.511482153050453
1.90390847775492 4.9378172386016 -3.93670599090421
0.0318281909350062 0.345726159879937 0.0599911228987302
1.84161330573077 -1.00972042837935 1.20761780742889
2.47579087680846 -1.19267640535349 0.183374349309658
1.54992523357398 -0.522239951872687 1.38265545684654
1.93081705412933 2.25209954176268 0.351755004990235
0.608839894319244 -1.9470674975626 1.8811478827113
1.84072039039275 -2.69249953054562 2.75997390591166
3.20171856065031 -4.25448676843469 2.53913464882782
1.61124823749679 1.50564740974072 1.05421332374025
2.33365886161716 -1.11442912597358 0.413697249258734
5.16490201140167 0.994344410135736 0.931762312960439
1.25840708045172 -2.42679169322002 3.21101056316431
3.18611631470969 -4.45541073117013 3.36035059606088
3.45993737732736 -4.24269510516965 3.6136651664454
5.90475739399087 -3.76608758718122 3.25090846794839
2.47056675959986 -2.42881106896026 0.833369279992992
4.60327661264303 1.90924325644191 0.703521186229302
0.574847590046234 2.30372986550573 0.526191855552617
3.53217754132472 -0.955560722573761 -0.0575801587664305
0.839117326849357 -0.485424835643119 1.37947597982051
1.01202375617266 1.4522127037762 1.24764475012658
5.32958153064145 -0.540527897379233 0.945887118228153
5.60710969364372 -1.15723471872094 0.807435712816831
2.66267788596547 -4.03391610003735 2.52177303246975
1.7687991827652 1.36667097601228 0.931071279033424
3.77351006719118 -3.80601960505917 3.36767962698218
2.30430515362335 -3.47391621540949 2.711032012594
0.829754602607411 -0.891672695033267 1.48907738374895
0.0368643558493767 -1.06614703779358 0.236761179473544
3.26959965936563 -3.65150853931463 1.45202591562255
2.25820900173254 -3.56085880220943 3.3184639870934
0.580488523395697 -0.529144737517911 1.14267466819633
2.54612605765842 -4.11249175079508 3.85277428199767
3.74896657688617 -3.49179180962084 2.28821761769037
4.85809774498279 1.26582660111933 0.961868079495488
1.98091431536497 -2.6691175601621 2.29856470144496
1.87166910989596 1.77118844431017 0.658273400977089
2.18149559346001 -2.325103884577 1.39417188102333
4.36164129859882 -2.37062566846331 1.99534050663347
4.88351715089511 -1.77591647391022 1.75654434193286
0.759816876665908 -2.03872649317029 2.20434024993232
2.04842598638085 0.462287028125569 0.698146247560999
1.08697045960409 0.857048834705427 1.38483123329148
0.192717980233071 -0.812911465811494 0.531229612205319
3.49208224493052 -3.88046437443206 2.34703119887406
4.98745981100265 -2.5655561063357 2.66984529766784
2.06690542759035 -2.45811869712642 1.79277827214338
1.91083431155494 -0.44911996057671 0.972583468454953
0.778226814266358 -1.66493709521243 1.88017149214287
0.62630861843235 -2.80002108579324 3.49728603465575
0.7955822046506 -0.690095544856201 1.39277669088419
5.36343985234364 1.09751191890176 0.748791005938007
2.4312057521861 -2.34344044596673 0.85187352896549
3.36938759923065 0.778533093326963 -0.446180504421099
2.09276826084488 -1.61656185315715 1.07052451654986
0.0104064966068214 -3.4909908364828 2.10033762055497
3.43170136881178 -0.0807093747048273 -0.285333652982358
3.19777706920568 -4.3508203292916 2.84216271887351
1.64576692533698 0.719941256985829 1.19794602843159
3.48260838025918 -4.22588111577015 3.79851919457422
5.97222106279074 -3.65793376253617 2.50148798038387
2.14120385300558 -3.22464920810495 2.83695786399031
3.79523006752635 -0.796831834943467 0.256139335444543
1.62888028129044 0.217301397076337 1.25723771179253
1.06614503899496 -0.940942233696754 1.62159317066912
1.87872816315254 -2.97761895025825 3.51507284468982
2.15433958080577 0.75429522363058 0.484403048174428
3.61685369008468 1.80654054021025 -0.510605009194884
0 -1.10035237352245 0.157012472671759
1.24497349269255 4.2029674341014 -0.539938517926906
1.94272037217117 -1.86367310975901 1.50963696169119
0.090821800034059 -0.939112989551513 0.334207768406453
0.599118078836822 -1.36281240279308 1.45652963378184
4.37456973748855 2.03821412933675 0.467669289879756
5.64281075465671 -1.79586502961523 1.06774953963746
0.54035694480231 -2.95462819282319 3.96393730053395
4.32110852943162 1.87773333424445 0.473587434762374
5.83231840322835 0.766763880847919 0.195583532041129
2.29596068999301 -3.64086455804853 3.41070543003872
0.229156206358694 -1.54039096495843 0.874852229549717
2.51387140742464 1.43467970641117 -0.341547580923721
1.11048427337485 4.55369755775858 -1.01786072796745
1.32106693488533 0.378746894116386 1.42705680993012
0.0420528678834159 1.34890285930041 -0.13220900038896
1.05126491405677 -2.56533403813972 3.9723404804887
0.0323447338504837 -0.500845036130724 0.110666934376671
5.31110953079151 -2.75524007884205 2.62907518169604
0.176376890304396 -3.54331377846691 3.39022883085363
1.03341549082915 -0.562007708806369 1.5051533570601
2.58233025137994 1.66210210953043 -0.563127866503853
5.43848490281965 -1.84233984389375 1.39440055328125
2.7590572336774 -4.13756568859704 2.42543770460941
2.33426352275529 -3.72063033696512 3.50302867494201
1.98097715871138 -2.96968490455625 2.88168380766586
0.194306420103887 -2.94321908756577 2.00107958058663
4.9093718924652 -1.73321825415152 1.73285186032786
1.73223269880557 -2.63422454147554 2.9169658792896
2.22535542482277 -3.5475788186265 3.60932979958589
3.12518037622704 -4.5178897634854 3.51692796681617
1.05517122241726 0.779547944873789 1.39448856475964
0.841469502797624 -2.38066063504335 2.83663870363432
0.978585484719202 -2.23906956085795 2.70823090416404
4.12424599564619 1.61537713917682 0.320800718311783
1.17820623920721 -2.51142856762617 3.5664950645404
5.5409028781194 3.74353865591409 -1.19866656091082
2.87024139853255 -2.08701447197684 -0.00980891652340823
3.14000740413608 1.08946649154923 -0.698295234950825
4.00420168310429 -3.43562308819439 3.13448201553123
5.42565585166832 -2.42572477675199 1.93592925822704
2.164558674231 -3.46266161712821 3.86240667199478
2.39700851552057 -2.95287085732031 1.50588768485922
0.376929064048051 -0.44657227163747 0.823959259287037
3.66748826821739 0.774598740730649 -0.0794009644186037
0.393378178736223 -3.13015208063236 3.44848952904055
1.52865707834277 0.983746171795733 1.24028766543182
5.75301239158145 -3.57044904201 3.53450925551553
3.04795521484259 -4.40180913594154 2.87694659955862
2.48094680066499 -1.65819530514383 0.3515402045123
2.59958078127141 1.13671476146285 -0.382882197542947
3.23634548461843 -4.24449601686543 2.57830948014724
5.62180513994025 -0.283470816890014 0.59118044450349
5.23341825129478 -1.68057298957751 1.50408701146232
2.35500567848822 -3.7201933869576 3.27344783701976
5.15939423833917 -2.91235703771059 3.32662924182059
4.64351186943298 0.687663910157896 1.04122380545821
1.50252063337831 1.6441012247857 1.0928546861527
1.70983288555675 -0.369515249728403 1.21373893970282
5.09762134103454 -2.88846003051504 3.48968580049205
2.47672034275108 -3.87529541056227 2.99372738224005
3.79550808142548 -3.79914904020938 3.54184413527929
2.25421175358926 -3.61923632256552 3.95535879575859
1.69173462383023 -2.78959301050553 3.82986500349582
1.16566568330005 -0.413262453152744 1.48241818362492
3.96897103021343 -3.58563680548497 3.80122783342153
0.576171753408049 0.483872259000748 1.05522571036165
0.129892609802611 4.03445845047892 -2.49865612403936
0.614326833233177 0.545548493428809 1.09796285719729
3.11461918345113 -2.54912361322096 0.268520411239955
0.931031338824868 -2.47015517759187 3.22459943358511
1.88305766468099 -1.16369885122418 1.20777402118025
2.27857856608057 -3.63478130019832 3.55601378608462
0.695980196113198 2.60855328448374 0.528679403974298
1.69944051251135 -2.60706893811 2.95490881841918
1.94582702360054 -3.04021225142928 3.32504961650001
5.32019886238162 -0.620855074935714 0.971399865451792
1.8012196926052 -2.90860443225054 3.735853080147
5.51844737654544 -3.05302580358866 2.75145670180419
0.171398089449731 -3.35782949388529 2.6909992357231
4.25716590367355 -1.95964816310964 1.45500183270529
0.319467782396559 0.126906094362176 0.684136864034037
0.047927320094639 -2.58720402241388 1.10373631227238
1.61459511213866 -2.72703313061747 3.98139849874653
5.27512612505308 -3.03616506627006 3.65114657136681
1.85433683201855 0.356600929197393 0.992155906132344
3.2214657378144 -3.66227928618394 1.41230995655778
0.129363906405366 -3.6653447707484 3.54981252684324
2.24277810809293 0.344309813880798 0.384482256675267
1.17900324681383 1.28600720266722 1.30029440226616
0.722770157176004 -2.47587114262175 2.79020737697613
0.407078924123758 -2.15831033792404 1.69958068879056
5.00967750016962 -2.78282871376426 3.22640571244767
1.41374642950302 -2.35315242964099 2.87823649558539
5.94271025028811 -0.565072519696635 0.139463701575464
0.485110553305705 -1.63210733392667 1.43515541786915
0.745093408225313 -1.04782265584803 1.47648077431935
1.47497303443977 0.916590405762996 1.28636639002468
3.2232597818314 -4.47695946721862 3.73720913121096
2.75151247305336 -3.98401003087742 2.12919909550988
1.04377228880384 -0.479076137381803 1.49061894584664
1.31867517866483 -2.49477183340985 3.48026401294204
1.35683042572404 0.048937354240974 1.41638489255448
4.51599608195811 -0.100558436840641 1.03788595795254
1.79843474270108 -0.297018727420557 1.09340120594088
3.55567588253848 0.810619700365449 -0.23426337271809
3.86581803087021 -2.64321237635816 1.3656887829
3.04171670997737 0.435280653044157 -0.593311514906814
2.27633568950314 -3.6406412254033 3.64145841252364
2.07558263882213 -1.09995658619418 0.871909138830056
3.7243792814716 -2.05185561685516 0.659247879335859
3.7112168610569 -2.51903353198359 0.969810105005654
1.96784056788565 0.0832615666396927 0.844444411651217
2.59993474897343 -4.15126130845489 3.35264521296799
2.93066140536399 -0.969808903859889 -0.452207019493544
5.99937187902724 0.0318758914957324 -0.000495837811435427
4.91441950678709 -1.46224253993196 1.5312373983221
1.47188379235521 -1.66783186078283 1.97865338509597
0.775969136916594 -2.69270762250086 3.66233395188864
4.40659131345859 -1.24701691871389 1.20279598295272
5.42116149089828 -2.12426258387753 1.63432223159654
0.594717302216467 4.5634924578046 -1.71343419842977
2.46540603211984 0.875910001943978 -0.0850984482665343
3.5639092960598 -4.11639552828147 3.65657997888621
0.857012670286773 -2.08597078956988 2.40186311837633
2.1239431792827 -1.37047469187662 0.893558141631838
0.291724824955318 0.833454737719597 0.560959378706531
3.05963754125558 -4.40690276555378 2.9608367053079
2.65584854309504 -4.15588830480401 2.94423638179103
1.94686386654958 2.40702011696307 0.24049511327234
0.783017412254388 -1.57700701982909 1.80909055691157
5.74083452965501 -3.35641669846445 2.74364439074203
1.79021812611962 -2.25747147045098 2.17428011663874
1.67433238436614 1.1282830190053 1.0938156268792
0.278991241845298 -2.15908593169389 1.39355398290872
0.81455506734691 -2.57064793729906 3.29712381882015
5.76725060428072 0.98896125527698 0.259755783336187
3.93460114954741 0.439001254221415 0.335293616823647
2.38746955937386 -0.199240244769054 0.157086799359951
0.467852853354345 -2.98004550011244 3.30071184431609
4.25707056814026 -3.21103270198113 3.90478201516153
0.756381329343408 3.83394769514736 -0.36416536158362
3.48512379400772 0.0606715656201288 -0.230886151897274
0.156110017247418 -1.69655876774455 0.78561161567834
5.81048758399074 -3.67280839153748 3.70776241483142
1.84351758588995 1.5764435513662 0.774596278042483
3.2436077541716 -3.90755807333077 1.82125702759327
4.78951608302521 -2.61609826797069 2.82218236164148
3.67075759789464 2.36194606832316 -0.771205743532815
1.86422857517934 -2.9482521397804 3.44068914320163
1.95127198951939 -2.42552517121075 2.04149677592728
2.31093940324521 0.169464323598745 0.273740621004435
0.107179101971063 -3.07075377458877 1.86003723428753
5.80957400529797 -3.61742619674333 3.32353925381775
1.65281435545623 0.0528508599171056 1.2324870326698
0.569959456000931 -2.82270319111585 3.24693197106843
0.78227929507791 -2.59093384983725 3.25719497777846
0.657033652194115 -2.18793700018464 2.22222830442686
1.72110517311308 2.98406514896385 0.219411075019743
1.63574637054335 -1.92607320371052 2.0424092013565
0.388254241725021 3.42894104195602 -0.631035221145652
1.84239393331899 -1.99783155559929 1.79859121845393
2.64309895976665 -0.962466742927363 -0.159235291141881
1.93058805027333 -1.91666900239345 1.57432370628125
0.133260200133913 -3.05091429157261 1.93784154448732
3.58156780095277 -3.95887526985508 2.89301403687911
0.238371877543958 -3.37580471247742 3.21616411045346
1.31890972871103 3.21094257651748 0.3927944296214
2.15047190916921 -1.64142990373854 0.974015937518663
6 -3.57649971423261 2.21762297302721
2.02073462702452 -2.40625762828715 1.84364261858165
0.0472327851348345 -0.684443942721213 0.172573663435654
0.741509910808253 -2.61205517121947 3.1861809388446
2.68096556676741 -4.29694459387349 3.56893936335811
5.05061424041178 -1.0602550279331 1.26992485716587
3.036364369331 -4.41132203983054 3.01237030540561
2.67100621091198 1.74880842448202 -0.755347099790274
1.03432868950027 -2.54736099304179 3.83236703940817
2.15224501949291 -1.23250709661526 0.785018505968123
1.40872208348894 -2.40679892434426 3.04113035201873
2.18561849332042 -0.899742819259703 0.617898201787386
3.82939345271047 -2.41470824328727 1.09209883871149
0.778535180742328 -1.32135126051751 1.64033494566472
1.77201434718272 -2.8203129719155 3.38839693118327
0.0622133076130481 -2.99514348822803 1.58125829823094
3.80897483878893 3.58779983025247 -1.83971999200984
5.39473524348287 -3.10162945119428 3.46403678214767
3.89746311812173 -3.68632830715662 3.86577124923563
0.246703869638422 -0.638893629566439 0.610559811521246
2.42093484637617 -3.78996286266532 3.04739414378667
3.51891289020612 2.00633820883158 -0.763741295959822
3.89331669168059 -3.69459869757938 3.94716886987565
5.21517324838054 2.50124242953723 0.322641986867538
0.234418373561892 1.06215957290802 0.396031620003736
1.8585484822363 -2.95353589754994 3.52162016257074
2.15341660973469 -0.0467459852048092 0.552521662410298
1.71892602181134 0.934272548042138 1.08017605212216
5.61082044002855 -3.16651357298754 2.74581776366123
0.687971630036428 0.766480556948261 1.16328439292158
1.37774038614299 1.31488299617774 1.2666360723416
3.35882964230709 -4.34608905479921 3.5973591694476
1.04593812329629 5.23346689084442 -2.51786489563557
0.870854160045081 -0.0736452020990276 1.3743285186884
4.83445808338628 -1.95545852918304 1.89578174260876
3.49186119082233 -4.10245851965526 3.01922847771096
2.07319029277301 0.131807612040733 0.680714538462354
2.06196759783246 -0.554729949767719 0.754055728747205
1.93883239532138 0.0480649490782978 0.887156033055702
1.05301297504839 -1.1943330100204 1.73686482378222
2.05642010041667 0.958944132806086 0.614886275062346
2.52027140849167 -4.05283220141036 3.58150458232704
3.73641298135717 -2.0222684111513 0.659969359458436
4.64142003945349 2.23832789409524 0.574041687949632
2.61379411133691 -3.82007731896034 2.20414911475047
0.144796096882183 0.765550443568343 0.267380050000145
0.514564095906203 1.91151004242096 0.614270389172695
3.63538065534083 0.780305935657452 -0.124143381924155
4.6866879984797 -2.90933341808646 3.99429488942815
0.645794947550124 -2.69234145701161 3.15150006102672
5.61485005611051 -2.38036327892214 1.56473744889868
1.77261075994601 -1.22908414916297 1.39523382257979
1.32879963705223 2.99326079398877 0.554209251639476
0.56209927624349 -0.758151039510529 1.16385832202538
3.86850216219049 -1.77028772613863 0.718800967373751
5.64047156839012 -0.0929009235834875 0.558313726583736
1.49725400638645 -2.01181884279918 2.31282337047367
1.42595782734059 -1.19575654271761 1.68476254361764
3.11262172972774 1.10022821693386 -0.711989578093636
1.85094862829748 -1.38685627264605 1.36285624406691
2.97518082774961 -3.01704279215509 0.615308100471236
4.03526376193273 -0.562339426642942 0.544895224810987
2.19595966403138 -1.12068950310005 0.666004057325738
5.89261020888355 3.86158371915736 -2.42836393769889
1.81549189082319 -1.84355130559189 1.71423600980219
5.77074349730193 -2.75786195683412 1.64317496377735
5.40956907341933 -3.07887640441581 3.24188346120596
4.75481935770335 -2.40382462909794 2.40632089875334
1.44108347226257 2.4127940872473 0.809917717100116
3.0171676689857 -4.42419090662392 3.06195421693985
0.0462940044167165 -2.52687775698012 1.04392081722227
2.56336178278149 -1.9383384287125 0.336126870291363
2.69227054685332 -4.25641208516233 3.17310496091783
0.148458656371343 -1.35086385135922 0.60912585210338
2.8189643800757 -4.19996493472285 2.46483746048036
0.989113600498859 3.44769812374232 0.177591098969401
1.27845102819047 -1.3117156891684 1.81950174239262
1.93660671342792 -3.00513106962093 3.24594369366673
5.39823160316749 2.68468610673114 0.0287723139035999
2.5405072513093 -3.89367049805216 2.68805394895573
1.64950200370879 4.49765824838796 -1.30484180136236
4.26425718818486 -0.357953860132004 0.801885603604205
5.18427852656011 3.65578273349958 -0.569265050314871
5.50395595933336 0.861404800506426 0.642088050260438
1.06644752974438 -1.93336957125599 2.33259090193033
1.78279338649548 1.41959497858214 0.898228145908291
1.42208463179702 -0.323728355133508 1.43567419660703
2.45983350285792 -1.67795893124989 0.398645147257112
1.59045570125952 -2.69426427194847 3.78683200441998
4.21714128251156 0.421657947698959 0.710604115976922
3.41477451380099 -4.30092607248636 3.75130521560968
1.20935202298642 -2.52839855697041 3.99871786683638
3.1135521593575 -2.08789535793224 -0.0431708513024305
0.142219153723646 -0.313663755667442 0.34975602454249
2.02117665945554 -3.20488271673797 3.59146065417452
1.48420839442131 -2.40167189593372 2.89568104584311
0.456048885623873 -3.00071111068304 3.32195484164459
5.04345248623034 -2.65806414435179 2.83227275594132
1.9086860847895 -2.97532510942129 3.28400564806741
1.57705460445895 -0.981831344662639 1.50383544881704
0.263289054681572 1.12091195696434 0.441124295704827
4.45850421241394 -2.61669241411684 2.50218611222453
0.886660405535469 0.888093246759914 1.30221765337876
0.648303512097145 -2.77831363931961 3.505962690947
5.73136976407131 -3.55003674344022 3.62276592698377
3.8529242697893 -1.72776351523484 0.673921066916421
0.407665977689984 0.314824963716028 0.829014508774715
0.692515582559111 -1.95796050289535 2.0255642236311
3.77521557041652 -2.21870183221108 0.847518395907899
1.47321700309797 -0.222052332721202 1.38813477471171
5.52919200755106 1.82372323856817 0.320751832281069
1.43805524380717 3.15858546354197 0.371428755650159
1.18117905802613 -0.000303676557117434 1.47875056616857
0.534502710681318 -0.662944710796698 1.10425104184745
3.84166255316171 -1.20186803320176 0.432164801761299
1.88358858102916 0.621640958693034 0.928874294881287
1.42368083541648 4.82838039907966 -1.6019032883596
2.06393453280414 -3.00333569948341 2.64233343246305
0.283905266464211 0.0890696493610115 0.617416553638425
5.82342830307406 -3.20205162524565 2.12759398105411
1.926485639795 -0.734286938960836 1.00218173434173
4.38531723553562 -3.04740091375289 3.6096952952512
0.655590580087829 0.442959201538907 1.1619436470765
1.64038855585997 2.67608836894114 0.520143588756418
1.43594887319619 0.944318689226504 1.29836702338677
1.70801178978904 1.09889675606934 1.06126446364731
1.76561383283533 -2.45364462479943 2.51268228256425
0.822562543568218 -1.73044290271309 1.98146857999359
0.901765855688407 1.21599975527938 1.24357622036404
3.62591315819342 -3.44675991794729 1.87313133542691
1.05645229761058 -0.837060387504105 1.58145572111021
2.05385210757413 2.52498772334733 -0.0188807562770402
5.71073745986621 -2.91347683029286 1.99068125684346
1.34982339186642 0.0992547476053272 1.4220708081005
0.867713861057795 -2.43637676519771 2.99392030959255
0.735521191868686 0.178646116790445 1.25693774020909
0.938789881408954 2.55190634199802 0.778969226101457
2.18716304110695 2.50549863201921 -0.272503351010681
1.08385128305736 -2.52984204687305 3.63782688558256
1.37460288082691 4.32982797747572 -0.710968311667892
3.24265048985683 -4.40611471537041 3.17368561201682
0.104011586301087 -2.38554186015601 1.1061560375621
1.01020602525729 4.64851678445558 -1.17899129121168
5.84779322136995 -3.70698051106672 3.44335413250314
2.05449584214439 -2.45786901393966 1.82228523945035
1.34874597948722 5.40825995383619 -3.41987356603467
5.87163880278206 -0.641035583331585 0.269725372991661
1.55693973347381 -2.50124798017804 3.04449680588346
0.736797467889333 -2.59482358942016 3.10235284246681
0.867737692949652 -2.22935871973812 2.61705577783225
1.876865588422 1.03281388520898 0.873870219631167
1.95533353498007 -1.20950591000176 1.11278947082767
4.36041464710638 -2.72384271703837 2.51256449109176
3.77228561127677 -2.35663668187735 0.944362200307308
0.641879553637626 -2.81618680835642 3.72665017049091
2.65783026776405 -4.23574642950647 3.29995239941952
0.594287743006631 -2.87511484942325 3.64536849258945
5.87037496717335 -3.57465419198755 2.76008294190569
1.08533077492641 -2.5369650239534 3.73578765948812
0.852198463155997 4.40380988363504 -0.977478688270513
0.51070682549773 -0.0825763607655643 1.00367844951369
0.0860504598042029 -3.33651769479852 2.19626042120191
0.92627840998595 -2.42542455125745 3.09259039422814
4.57192910648435 5.0313116980108 -3.65330136492187
2.25185580522788 0.741340952874006 0.31973438808217
1.28793422825762 0.598614792417421 1.40560536649228
5.98563956236577 -3.56148420018723 2.24101333756919
1.79364830304687 -2.62229197010233 2.75068366600232
4.60579593883977 -2.48778391039107 2.47260676856717
0.506978409409285 -0.483889711548471 1.0334181174528
2.69749574072655 -1.11117497423415 -0.194632884097394
2.09790340140411 0.173277280189822 0.638837971139799
5.00299578704671 0.0228559206349792 1.10444907768286
5.53938908642396 -1.54322492298464 1.06451266581378
2.30483129938654 -2.60193017531258 1.36253937089719
2.26431879324813 1.7625484407344 -0.0126628781938831
5.71571451663813 -1.50857300524423 0.788003709312286
0.859765339437676 0.247950263202721 1.34434924088811
1.46720192321341 -2.5091239898354 3.21358756854507
3.20925102938732 -4.29428184889634 2.68553975165609
1.93625565810494 -2.91298828617004 2.92682833688068
1.99351157529454 -1.96638344264334 1.49801185250427
2.95445535853035 -4.55614124855418 3.88347655598507
0.947533445943542 2.23201026578422 0.929162389883721
5.6736115647778 -2.86247470806591 2.00854096646445
0.0325359236351907 0.782692767286534 -0.000616916179018989
