21 34 1923
35 1922 34
121 85 88
2030 931 861
2917 2988 1
2917 2919 2988
108 138 106
1647 1598 1544
1939 51 1921
50 71 1942
104 1943 72
1949 2 3
62 45 94
1929 63 1956
64 94 1931
45 27 47
242 297 301
2826 741 882
2236 744 739
1631 1622 2736
2825 2822 1007
3 4 10
1964 165 1937
382 313 312
889 2234 891
2724 2694 1580
476 2160 414
573 638 576
475 414 2152
862 2824 1986
1987 717 716
647 2962 717
468 412 2288
1992 324 323
458 2940 2942
118 127 1994
2821 1005 2796
194 195 1958
1630 2692 1523
503 502 573
882 883 2827
1997 197 246
86 2001 1994
191 1995 152
472 2168 470
522 2004 2944
442 506 2005
413 2664 411
1987 647 717
197 196 154
2011 322 2929
322 318 391
247 371 302
322 391 2010
674 2826 740
55 37 39
2016 22 2018
2442 973 974
793 710 641
791 710 2022
931 857 929
643 644 638
369 370 300
512 511 446
2910 684 607
463 400 405
463 462 400
151 2038 2037
175 2188 2039
2916 689 2903
87 2062 119
2903 2910 2305
89 2062 87
2305 544 545
2048 198 176
720 719 2050
719 651 652
467 536 469
2054 657 723
2034 580 651
445 378 374
510 511 509
676 815 741
715 2007 796
156 2063 201
252 254 308
2908 610 2909
1984 2989 2968
155 1935 2041
201 188 187
504 440 439
338 2070 2069
244 2002 241
201 200 2065
284 285 2078
228 229 285
286 353 285
287 286 230
508 444 418
481 508 443
304 2064 305
1458 2725 1522
99 132 131
315 388 387
329 401 402
599 598 678
525 466 405
454 455 2088
157 198 199
177 174 225
2040 177 139
103 135 2583
308 305 374
305 373 374
223 13 12
2096 801 870
2099 2053 726
299 296 300
1397 1398 2100
1525 1469 1462
1525 1535 1469
1325 1243 1244
2915 101 100
1474 1475 1403
1321 2105 1240
1400 1323 1324
1241 1238 1320
101 132 100
1095 1166 1093
49 68 98
1239 1170 1235
2108 78 107
682 751 606
217 2117 2116
270 271 217
2122 2120 274
70 93 2915
92 93 70
2128 2127 2035
344 2127 2130
2132 343 344
99 100 132
169 2920 2138
1373 2733 2751
331 2146 2125
280 2924 2928
2128 2926 2131
278 2154 277
342 2153 341
2157 542 473
2158 413 2160
992 920 998
2807 1214 1144
476 2162 2160
471 2167 478
144 79 112
2169 57 80
224 2922 2035
415 22 343
2790 1442 2581
78 56 55
2201 360 292
2169 82 2179
2121 273 270
1376 2790 1444
348 420 349
2183 560 2182
2184 560 553
227 2039 283
2137 170 2141
217 271 2117
2173 77 2108
2173 1938 77
113 2170 146
291 288 234
2200 361 430
358 292 359
1965 261 163
2195 356 2203
39 547 81
2114 611 114
548 611 547
1038 1110 971
278 277 275
134 219 171
1311 1310 1391
171 220 221
971 900 899
979 835 907
1048 1047 981
114 611 762
2709 1457 1389
2212 2113 2215
692 831 766
1571 1511 2758
1447 2582 1441
146 114 2216
1440 2814 1446
528 527 2947
2223 457 2801
523 526 2224
522 2944 2936
592 2227 596
2748 1446 1447
1025 1026 1093
396 397 2930
1598 1597 1596
530 460 2941
396 1993 397
530 531 460
595 2956 2957
1441 1442 2813
890 818 889
2254 2239 949
258 314 312
311 381 314
661 2242 659
589 590 665
447 514 584
948 2254 949
2091 166 1974
464 401 462
603 667 535
2247 587 2246
734 2252 665
745 811 667
892 965 1017
960 1030 1031
584 2249 520
659 586 518
659 663 586
2914 84 83
736 727 667
952 1017 1088
895 968 967
875 874 876
873 874 808
1228 1229 1161
1174 1180 2267
1248 1329 2270
1253 1248 1252
1317 1394 1395
689 758 685
64 128 1927
2285 2284 761
2286 756 826
1575 1515 2745
386 2300 2301
386 2297 406
2257 515 2259
2766 2811 2644
1947 16 15
2303 966 2327
757 687 756
2284 2287 757
2326 2312 2311
2302 896 897
2123 2120 336
2118 410 409
681 537 662
1272 1255 2315
1114 1045 1117
2322 1176 1249
2310 2327 1034
2303 969 966
2326 2313 2312
1251 2333 1179
1252 1330 1331
1601 1547 1546
2133 68 49
2343 1394 2274
1313 1463 1393
1326 1325 1404
1733 1687 1732
2346 1733 1732
1466 1406 2272
1465 1528 2344
1584 2353 1527
1543 1476 1542
2809 1070 2767
1773 1733 2346
2359 1774 2358
1687 1686 1732
1897 1882 2073
1899 2363 1897
1910 2361 1899
1868 2366 2365
1667 1715 2700
1847 1848 1820
63 46 86
2378 1817 1839
2808 927 1001
996 1131 999
2388 1704 1696
1706 1743 1704
1552 1553 1604
1605 2391 1604
2393 1347 1346
2395 1262 1344
2306 2906 2907
2417 1481 1549
1344 2398 2394
2332 2399 1332
1339 1343 2403
1342 1415 1416
2406 1342 1416
915 916 2850
1483 1551 1484
1589 1640 2351
1395 1406 1330
1252 1331 2341
1865 2380 2383
1555 1490 1558
2399 1410 2426
2336 1333 2418
1602 1650 2419
2394 2416 1347
1480 1548 1482
1407 1480 1410
1178 2323 2324
2885 360 2194
2394 1347 1345
2393 1340 1264
1418 1341 1346
2885 428 360
978 976 2325
1114 1113 1041
1185 1042 1115
1678 1789 2432
2884 2911 630
1342 2434 2404
2435 1484 1414
1339 1412 1336
2434 1339 2437
2367 1845 2382
1819 2432 1822
1741 1787 2374
2767 1070 1001
563 496 2220
900 821 899
2207 900 908
566 563 2220
2443 1266 2446
1115 1182 1185
1556 1487 1491
1556 1490 2449
498 2220 432
565 566 2220
775 845 839
2181 2455 695
1293 1212 2750
2466 626 698
772 699 773
2467 774 773
2884 2468 629
700 2465 698
2184 484 423
478 347 2126
1420 2475 1349
2479 1190 1265
2443 1119 1191
1274 2484 2480
1049 2439 1050
844 776 773
2910 607 544
2477 1273 1270
1052 2485 1047
1859 1889 2493
1797 2498 2509
1851 2499 1872
1871 2504 1872
1851 1872 2503
2575 1667 1623
2306 476 2906
1577 1628 2512
1895 1909 1896
1915 1824 1916
1141 1142 2794
1883 2525 2490
2314 2307 825
2904 829 2307
1112 1181 1111
1036 1107 2278
1163 1105 1090
1163 2267 1105
1251 2341 2335
2267 1179 1109
1806 1769 1772
1894 2379 1880
2644 924 925
2286 826 2313
1817 1846 2528
1586 1529 1585
1396 2342 1467
1229 1322 1392
1313 1393 1316
2649 706 708
1465 2531 1463
1466 1393 2531
1023 1164 1092
1230 1162 1089
2916 2309 689
1646 1595 1597
1594 1590 1540
2104 1102 1099
1029 1096 961
1103 1228 1161
892 1017 811
1100 1170 1240
1240 1236 1100
2428 903 905
1596 1541 1544
1768 2540 1736
1716 2546 1717
1807 1773 1776
1731 1732 2360
1598 1647 1691
2554 1782 2553
1782 2610 2555
2358 1775 2346
2646 2997 2996
1757 1800 1758
1828 2607 2566
973 1040 974
2100 1398 1234
1039 1111 1038
1688 2578 1734
971 899 972
1255 1111 1181
1504 1818 1821
1218 1219 2585
1375 2589 2586
1443 2589 1376
1074 2594 2591
2587 1299 2596
1511 1510 2600
2588 1298 1374
2604 1717 1756
1113 975 1041
1828 2566 2571
2608 1736 2539
1795 2497 1796
2804 1146 1149
1141 2977 1068
1332 1261 1187
1364 2511 1437
2353 1638 1585
1779 2612 1837
2612 1799 1827
1116 2901 1108
943 942 1012
720 2050 2095
2622 694 619
693 769 2622
1223 1222 1305
1085 1084 2729
1081 1080 1082
499 431 1120
1143 2628 1144
1015 2630 1211
2098 2097 805
804 927 853
1818 1504 1502
2652 2639 725
654 725 724
2644 926 2766
852 2642 2646
786 705 707
794 2020 2648
2636 635 654
706 634 636
654 2652 725
435 567 433
570 634 569
574 571 575
440 370 369
1676 1627 1673
1672 2657 2656
2656 1761 1673
1367 1366 1290
1661 1617 1614
2658 1616 1615
1497 2662 2663
2515 2513 2680
2483 2477 2478
2691 1578 1519
529 2951 2947
2231 531 2953
2802 595 2952
2223 2230 459
1351 1352 1423
1889 1884 2500
1890 1888 2699
550 616 2109
1388 1454 1455
1516 2710 1451
2711 1388 1455
2713 2712 1387
2681 2719 2718
457 2012 394
1159 2727 1226
1157 1223 2730
390 453 394
2800 459 2943
1682 1681 2696
1633 1632 2693
2800 2943 2935
863 937 1076
2450 1271 2316
2755 2745 1569
1569 1515 1445
1448 1439 1514
2587 2590 1298
1370 2586 1377
1422 1350 2899
1095 1167 1233
1511 1447 1510
1511 1509 1447
1378 2982 2751
2752 1214 2999
1571 2986 2985
1388 1387 2712
2703 2713 1225
1213 1140 1211
2627 2618 1081
1159 1086 1158
1226 2763 2762
2894 2507 1796
649 2771 721
2761 940 2779
865 1988 863
1436 1500 2848
1054 2761 2779
911 988 912
1427 1431 2840
943 1012 2618
2514 2680 1517
2714 1578 2691
2785 1381 1380
2785 1450 2681
1517 1576 2782
1010 1011 2789
646 2227 591
1318 2107 1319
1138 1288 1208
2791 1006 932
928 2792 934
1003 2803 2793
1002 2971 2969
1145 2794 1294
1003 2793 2792
2006 2991 2955
864 738 737
648 2798 1989
646 2961 648
2004 506 2954
646 2225 2227
672 2956 2964
390 394 391
2223 2950 2230
528 2948 2230
2222 2231 2949
673 2232 594
794 2648 2966
1374 1296 1297
1376 2588 1374
1147 1146 2804
1002 2810 2971
2646 2996 928
2649 709 2645
2810 924 2644
1075 2793 1145
2006 2955 2963
927 926 853
2767 1001 1015
2809 1069 1070
1507 1513 1514
1447 1509 2582
1571 2812 2984
1297 1294 2817
1297 1215 1294
1631 2736 2692
578 506 2798
1378 2813 2816
2711 1386 2721
2764 1160 2763
796 937 863
2820 795 856
2007 1985 796
1217 2978 1147
1984 861 2823
737 2225 716
1984 2030 861
929 2029 2027
857 2028 855
856 1982 2028
938 1009 939
1009 1151 1152
1988 796 863
2795 937 1007
671 676 2964
672 741 2826
962 889 891
1544 1541 1538
1596 1597 1542
1539 1471 1536
595 2959 2958
2496 849 2453
1241 1323 1244
2102 1328 1404
1101 1030 963
955 954 882
1168 1237 1169
1302 1221 1301
2226 2797 2221
2453 781 782
1280 1285 1355
1201 1202 1128
2847 1284 1283
921 996 999
2838 1060 1059
1056 1124 1055
1129 2846 1061
1793 1794 1752
2657 1671 1660
2441 1679 1722
1707 1748 2852
2854 2856 1701
1744 1207 1705
880 879 813
1437 2861 898
2861 1566 1500
1663 1662 1712
1064 1059 998
839 841 770
2865 1361 1428
1358 1280 1355
1064 998 1063
2841 1279 1280
1431 2849 2840
1281 2832 1276
1360 1429 2835
1428 2676 2842
1495 1496 1430
556 2076 2086
2870 353 2868
2837 1064 1201
2874 2620 2623
1559 1560 1609
422 421 483
2880 349 421
1609 1560 2385
282 348 349
2852 2430 1744
283 2879 287
2877 2203 427
2197 493 2185
500 429 431
2881 847 2458
996 921 919
842 774 843
915 842 916
774 2882 843
429 498 362
1126 2768 1058
2880 2879 351
2872 487 555
1612 2890 1657
2349 1637 1584
2896 1289 1366
1556 1559 1558
1556 1491 1559
1658 1657 2890
1177 1176 1106
1064 1133 1201
1137 1131 2897
2454 785 849
1562 1608 1658
784 2898 2452
2167 2168 540
2857 1362 2893
1287 1365 1354
1427 2840 2847
1420 1352 2475
1194 1266 1191
1556 1558 1490
1348 1421 703
1204 1205 1134
2471 1193 1121
2896 1206 1289
2451 1135 1000
2427 1045 1114
2329 1176 2322
1184 1256 1258
1255 1191 1110
1272 2450 2316
1337 2900 1272
2206 1037 1119
1003 2792 928
1034 1108 2901
2902 685 758
757 2286 827
756 819 826
2889 2888 2481
2201 292 235
844 773 846
498 432 430
2863 1618 2518
494 496 563
2462 991 995
2850 916 992
1134 1137 1204
2156 2292 2293
2795 1007 1139
1499 1506 2690
190 149 189
153 127 1962
64 1927 1928
116 2001 2914
206 2295 126
2143 270 217
2143 2121 270
2915 102 101
126 92 1977
1364 2893 1435
1363 1368 2534
172 2035 135
933 1006 2791
469 536 538
609 610 543
2909 2304 546
755 760 824
2159 409 410
414 411 2152
2906 414 475
1966 2089 265
1608 1609 1703
1949 3 10
714 645 713
1921 1922 52
1049 2485 2439
96 1926 130
67 94 1928
1932 127 1961
738 2225 737
41 1934 60
60 59 41
1612 2856 1659
1612 1657 2856
76 110 106
109 111 1941
110 109 1941
1921 51 33
52 76 106
1933 72 50
1080 1011 1079
2765 1213 2764
1921 1946 1923
1921 1923 34
104 136 1943
1742 1709 2854
2852 1744 1705
1946 33 9
51 1933 32
1947 14 5
40 24 15
2761 1010 941
2789 2770 2788
2789 1011 2770
856 795 1982
61 43 90
1951 1953 43
17 1954 27
1956 63 95
1222 1080 1156
94 47 1931
1621 2853 1567
84 1957 58
47 27 18
242 301 243
297 366 367
1304 1303 2787
64 1960 128
1434 2534 2202
2889 1503 2888
235 184 2201
1963 214 216
2201 184 293
268 264 326
1966 269 328
449 1967 517
2819 1308 1307
327 1968 265
1970 258 1969
1963 168 167
213 166 1973
185 184 113
1517 2782 1521
2681 1456 2719
1692 2543 1734
90 1953 91
2870 2868 2085
486 487 2872
268 326 328
96 1928 1926
1925 210 209
350 2880 351
2777 987 909
210 128 163
2871 840 837
1956 95 1932
268 1937 264
1990 1985 2007
1987 716 2960
577 645 1989
396 2930 2934
458 2942 2933
1959 301 367
247 301 371
1996 147 2015
2667 2784 1629
1981 162 163
2742 2740 2784
153 1998 127
153 1999 1998
243 301 247
1995 192 152
242 241 2002
322 262 318
2011 263 2003
2011 2003 322
2004 591 523
453 2945 2938
442 507 506
637 573 572
715 714 2007
154 2008 212
2882 2468 778
2882 778 843
154 212 164
260 1997 246
260 318 262
323 322 2010
1992 2010 395
2011 2929 2931
395 394 2012
1996 2070 338
2017 53 75
2018 37 38
22 2019 2018
793 641 2020
2025 2027 2023
2025 2023 858
915 773 842
2027 791 2023
929 857 2029
2030 856 2028
574 637 571
790 2031 711
2031 1991 640
1991 643 638
644 643 712
573 576 503
446 510 2033
23 279 22
2036 669 602
330 400 462
7 6 12
227 225 174
2039 227 175
89 123 2062
1748 1438 2430
338 117 1936
22 36 23
304 249 303
139 2047 137
228 198 2048
199 202 2049
652 580 582
2053 2054 723
2634 2054 2053
799 869 2780
1747 1791 1749
511 583 509
512 656 511
200 307 2065
283 351 2879
60 115 83
2029 855 791
173 2190 175
156 155 2063
2188 226 282
350 349 2880
2878 421 422
2060 200 2063
201 238 188
2065 2075 238
440 369 439
2068 435 2067
642 634 705
338 2069 193
188 240 2071
1996 2071 2070
10 1920 8
2687 2866 2668
298 2002 244
72 1943 71
122 159 2042
239 240 188
837 909 836
770 775 839
201 2065 238
2031 643 1991
200 251 307
770 771 621
2031 712 643
434 433 439
2078 285 2080
2078 2080 352
228 285 284
354 2079 352
482 483 2081
2082 355 422
2082 287 355
319 209 210
304 303 2064
553 622 554
2036 593 524
533 598 599
388 403 452
1966 399 2089
292 2192 291
258 256 1969
258 312 256
404 392 454
392 320 321
2092 2043 159
2092 159 122
2092 2049 2043
249 2046 284
2092 158 157
2040 174 177
357 2195 426
378 308 374
444 582 445
2097 871 945
2099 805 806
1054 1078 2761
368 370 436
1167 1311 1233
1462 1524 1582
444 581 582
1852 2572 2044
444 508 581
1245 1326 1328
2104 1172 1102
1538 1474 1472
1538 1541 1474
1399 1320 2105
684 753 683
987 2775 988
2110 548 2111
2110 2111 549
557 696 623
2875 623 617
2117 2115 2116
2121 274 273
272 2122 274
2122 335 2120
2123 334 333
420 2873 483
487 552 557
2127 223 2035
280 2926 2921
206 1977 161
69 70 100
48 69 68
2139 170 132
2139 132 2992
2135 169 2138
101 2138 132
2143 217 2141
2142 2141 170
2143 2141 2142
2139 2142 170
337 2118 335
331 332 2146
280 2928 2925
2131 2927 345
224 2923 2921
280 2148 2924
2148 2117 2124
354 353 2870
2868 287 425
411 341 2152
277 341 340
171 219 220
2156 2288 412
868 2788 869
2162 545 2161
2162 2161 2160
768 2625 2774
797 799 2780
540 606 2166
2865 1428 2842
221 2135 133
1358 2842 2844
1279 2843 1199
82 81 2170
2128 2130 2127
2659 1565 2661
136 138 1945
2171 108 175
110 1941 142
2173 111 109
107 140 111
78 79 107
1359 2843 2841
2686 2668 236
231 178 180
2845 2776 990
78 55 79
994 995 1061
1504 1619 1621
2179 82 113
348 2180 419
2864 1363 2534
2183 2182 621
490 489 2185
1435 1434 2688
2860 1499 2202
2860 2888 1505
420 483 421
2039 351 283
2111 548 2164
2192 288 291
1008 1074 2822
181 145 182
184 2193 293
2194 432 496
2108 77 75
54 35 36
2192 292 358
428 492 359
2186 2466 628
428 2198 492
359 292 360
2858 2889 1368
912 2774 911
293 360 2201
2877 2195 2203
173 175 108
2172 179 173
2129 2164 2165
2129 2165 2204
2125 417 346
2125 346 345
2191 415 416
1040 975 1115
606 608 682
823 899 822
2205 2063 155
697 836 2624
1047 979 981
1051 2208 1048
835 2211 833
832 982 906
2862 2518 2690
429 362 294
2170 114 146
2112 692 2215
763 831 692
979 2210 835
2216 114 762
285 229 230
500 564 2219
500 2219 565
2222 2951 2958
523 2224 2937
1135 1206 1138
592 591 2227
953 956 2228
939 1025 953
864 2229 880
865 863 938
939 1009 1026
2857 1364 1287
673 2965 2232
2856 1657 1701
2389 2855 1742
677 2235 743
599 600 2090
534 679 678
1709 2855 1746
744 2236 816
678 2235 677
2769 1277 1278
2245 517 2244
2245 2244 2258
1703 1658 1608
384 387 1967
311 259 1968
311 1968 315
587 584 589
808 874 875
2263 1020 1019
2254 2253 2239
465 464 533
401 2089 399
2252 2251 2246
661 2248 2242
661 585 2248
964 893 960
817 886 888
892 893 964
960 958 1030
2245 515 449
384 2240 381
2159 2664 2157
1091 1023 952
1230 1089 1092
1089 1022 2263
1088 1161 1091
1017 1087 1088
2238 874 948
2237 874 2238
2496 2453 782
1018 1020 2263
873 808 731
1174 2271 1180
1395 1394 2272
549 550 2109
2268 2280 2279
1106 1176 2281
2284 825 761
757 756 2286
2289 2288 2156
276 2293 2292
310 276 208
2240 2259 448
2258 2244 2243
2258 2243 2299
386 406 2300
2301 2300 2289
2296 385 2301
2296 2301 2289
380 2298 385
2257 384 449
450 516 2299
586 663 519
750 820 2302
1566 1614 236
729 2250 731
2306 539 2908
761 825 2307
543 539 538
2119 470 471
2123 273 2120
337 410 2118
820 749 2275
748 609 604
748 756 687
747 819 748
1188 1045 2319
2862 2863 2518
1116 1108 2324
1044 978 2325
2326 2311 901
1033 1106 2281
2310 2303 2327
2313 894 2330
2313 2330 2312
894 2302 897
1408 1331 1480
1750 1751 1792
1251 2335 1333
2336 2333 2980
1531 1545 1530
1600 1546 2338
1480 1482 1410
1482 2340 1549
2101 1473 1476
1466 1394 2343
2343 2274 1316
1618 2863 1662
1584 1527 2352
1402 1245 1327
1326 1404 1328
2354 1639 1684
1638 1637 1641
1683 1600 2350
2348 1641 2354
2348 2354 1684
2349 1584 1534
2355 1587 1534
1015 1140 2767
2358 1774 1775
1666 1664 1620
1899 1900 2363
1843 1842 2367
396 2934 395
2371 1747 2433
2371 1790 1747
1818 1502 1788
2373 2372 2438
2041 119 2062
1738 1727 1769
1741 1815 1787
1813 1789 2375
1806 1832 2377
105 2074 73
1895 1896 1881
1697 1654 1698
1698 1654 1653
1704 1702 2385
1706 1704 2388
2387 2386 1652
1551 2392 1552
2397 1411 1481
1344 1417 2398
1344 2402 1417
2401 2320 2319
1344 1262 2402
2340 1651 2396
1185 1259 1254
1184 1258 1183
1727 1649 1683
2704 2703 2730
1464 1468 1526
1533 2355 1534
1405 1478 1409
1589 2351 1599
1317 1247 1315
1405 1331 1330
690 2215 762
2496 922 2451
2417 1417 1481
2759 1079 2760
1606 1699 1656
1414 1484 2408
2406 1416 2435
2387 1652 2422
1078 2759 2760
2401 1262 2320
2424 1186 1118
2322 1250 2423
2322 2423 1178
2400 2402 1261
1411 2426 1482
2400 1261 1335
1114 1117 2321
1041 2428 1043
2838 1128 1062
1868 2384 1849
2368 1868 1849
2429 2384 2365
1820 1819 1847
1744 1290 1207
1843 2370 2431
1483 1484 2435
2421 1605 1603
2374 1787 1786
2375 2390 1698
2746 2998 2812
2213 2212 766
2209 830 2113
834 765 764
907 765 834
1038 971 972
821 822 899
2436 2444 1254
2457 917 843
2208 1189 1190
2754 2702 2701
2701 2702 2700
2448 1337 2315
1181 2315 1255
2448 2315 1181
1432 1361 2849
1556 2449 1487
2450 1349 1271
363 294 982
613 763 616
2754 2599 2702
1513 1515 1574
914 913 990
840 839 914
998 1059 992
2605 2547 1668
1669 1574 2547
1124 1058 1055
2830 1278 1277
2463 993 994
1359 2844 1360
917 842 843
1359 1281 2843
1281 1276 1200
2865 2842 1358
1422 1273 1350
2482 2483 1123
2445 1122 2443
1130 1203 1061
2217 980 832
983 183 2210
2840 2839 1284
1274 1351 1273
631 564 499
2571 2572 2573
2840 2849 2839
1378 2751 1440
2498 2497 2509
1793 2894 1797
1871 1872 2501
2503 2506 2502
1850 1825 2504
1282 1283 1284
2488 2501 1872
1511 2749 1509
1856 1870 1884
2535 2536 2542
2748 1441 1378
1631 1679 2441
2906 475 2907
2504 1825 2509
1572 2600 2747
2504 2509 2506
1577 2512 1576
2514 2515 2680
2516 1493 2515
2689 2518 1501
1905 1908 2519
1908 2520 1913
2502 1824 1918
2526 1906 2413
1913 2522 1914
2383 1844 1881
1909 1895 1913
2368 2366 1868
1822 2369 1849
1625 1573 1574
2406 2435 1414
1035 2267 1036
1251 2979 2341
2335 2341 1331
2336 2980 1333
1769 1727 1770
1770 1729 1772
1479 1409 1478
2497 2506 2509
2191 477 37
2377 1860 1841
1817 2528 1816
1865 1845 2380
2373 1813 2375
2438 2431 1813
1095 1233 1166
2419 1694 1648
2419 1648 1651
2529 1785 1694
1700 1741 2374
1785 1784 1700
2171 138 108
1638 1586 1585
1540 1590 1532
2411 1636 1639
2412 2356 2345
2338 1545 1599
1091 1161 2256
2531 1393 1463
2835 2675 2833
1314 2279 2280
1314 2280 1230
1096 1099 961
1104 2533 1103
959 962 963
1129 1199 2831
2535 2542 1836
1864 2535 1863
2537 1838 2536
1688 2538 1735
1525 1462 1583
1625 1574 1669
1892 1879 2548
2683 2786 1278
2549 1833 1776
2550 1833 2549
1733 1771 1728
2360 1732 1686
1737 2554 2553
2552 1781 1780
2357 1690 1689
2537 1864 2548
1301 1353 2682
1799 2561 1827
1768 1767 1799
2607 1759 2566
1757 2567 1756
1582 1524 1573
1754 2568 1753
1537 1535 1592
2569 2570 2568
1800 1828 2565
2577 2576 1753
1688 2579 2578
2579 1777 2578
2580 1873 1887
1873 2495 1886
55 38 37
1892 2559 1893
1303 1156 2787
1861 2550 1835
1877 1887 1902
2429 2365 2363
2429 2363 2362
1441 2582 1442
1955 63 86
1218 2585 1209
1375 2586 1299
1074 2591 1073
1217 1218 2592
1210 2585 1292
2595 2978 2592
2595 2592 2594
1219 1292 2585
2596 1219 1218
1147 2598 1146
1104 1103 965
2758 2600 1572
1754 2602 1722
2702 1667 2700
1677 1724 1722
1625 1670 2545
1104 1171 1173
1716 1717 2604
1668 1714 2546
2605 2546 1716
2756 2758 1572
2800 2935 395
1765 1762 1763
2587 2596 2590
1375 2587 1298
1980 1971 1950
1768 1799 2540
1027 1097 2106
1670 2603 2564
2567 2603 1670
1780 1781 2555
2556 2555 2610
2535 2537 2536
1864 1863 1877
1779 1799 2612
1291 1369 1300
1737 2578 1777
891 2234 954
801 2051 870
2618 1012 1081
1016 2619 1013
722 719 798
650 579 620
1947 1948 16
617 2623 618
649 718 620
2627 1082 1084
1243 1326 1242
1144 1140 1213
1086 1083 1158
2631 870 2051
2631 2051 2780
2616 944 943
2632 2653 2055
2054 2055 657
2632 2055 2054
2098 805 726
2639 802 725
2634 803 2633
852 850 2642
2646 2642 2997
794 793 2020
2075 306 250
1218 1209 2584
375 2068 2067
708 2650 2636
2649 708 709
2650 636 635
634 570 636
725 802 788
2652 2638 2639
2653 2639 2638
2067 433 365
670 669 740
2635 786 707
2635 2654 786
574 575 639
739 814 2234
1660 1671 1616
2657 1718 2656
1626 1672 1673
1718 1801 1760
1660 1616 2658
1564 1496 1563
2174 231 2175
1676 1673 1719
890 889 962
2667 1629 2666
1626 1613 1671
1626 1671 1672
2670 1617 1661
1751 1750 1711
2658 1617 2670
1793 1797 1825
1766 2671 1831
1765 2672 1766
1856 1875 1857
2222 2994 2231
1495 1430 2675
2677 1496 1495
2663 2662 1494
2680 1613 1576
595 2957 2959
1426 1449 1380
1564 1616 1613
1564 2679 1615
383 382 2240
2686 1617 2659
2689 2688 2690
1574 1515 1575
2505 1856 1857
1761 1760 2673
2897 997 2410
1677 1723 1724
1593 1592 1642
1378 2816 2982
1680 2696 1725
2672 2695 1766
2673 1829 1802
2044 1826 1852
1515 1507 1445
1852 1826 2269
2492 1889 2698
2687 1431 2866
1889 2500 2698
1472 1471 1539
2571 2573 2565
2671 1859 1831
1829 1857 2671
2606 2700 1714
2701 2700 2606
2701 2606 1624
1453 2718 2719
2205 2836 2060
1082 1223 1157
1156 1303 1222
2706 2707 1454
2704 2705 2703
1570 1446 2814
1518 1456 2717
1844 2383 1846
2722 2783 2740
2723 1519 2783
2723 1451 1452
1516 2783 2722
2724 2722 2214
2726 2697 1720
2726 1720 1681
1593 1644 1539
2214 1674 1632
1373 2750 1371
2729 2728 1158
1539 1536 1593
2784 2740 1578
2692 1677 1679
1593 1536 1592
2478 1270 1193
2742 1674 2214
2742 2214 2741
2726 1632 1674
347 2125 408
2202 2534 1368
938 863 1009
1077 1150 1151
931 929 2743
11 21 1923
1644 1538 1539
1934 42 88
1029 957 1096
14 1 2988
5 2918 2919
2820 2990 1990
2820 862 2990
174 1945 227
35 54 1922
1940 52 106
40 15 16
1951 43 44
5 20 1948
5 8 20
1955 95 63
437 438 1959
1984 2823 862
4 7 10
1937 269 214
2736 1581 2692
321 261 393
861 936 2823
24 18 1954
1972 1971 168
2236 818 887
931 2743 935
1963 216 1979
1630 2818 2694
739 2234 818
1979 1973 166
392 404 330
2234 889 818
2821 1148 1074
413 411 414
1987 2960 648
715 1988 717
715 717 2962
460 1993 2940
2288 406 467
85 1936 117
815 883 741
2289 2300 2288
197 154 194
576 577 441
503 441 438
2004 2991 591
505 1989 507
1008 1005 2821
2009 2008 211
260 262 1997
2011 2931 325
2003 2009 211
824 973 2442
2030 2028 857
857 855 2029
2030 857 931
710 639 641
511 510 446
446 379 513
534 598 532
1990 2007 714
42 26 30
726 800 801
879 815 742
2820 2989 862
308 379 377
2820 856 2989
664 732 663
445 374 444
368 300 370
434 439 369
2067 365 376
467 406 451
469 2288 467
461 524 2088
49 103 4
73 1942 71
2074 2040 137
309 2059 307
717 1988 716
433 434 365
425 2083 482
443 2086 2077
739 744 680
266 265 267
599 678 677
532 533 464
207 255 1969
224 2035 172
2092 122 158
228 284 2046
176 198 157
139 2094 2047
2092 157 2049
252 308 2032
2097 945 872
2098 871 2097
1537 1470 1535
2105 1238 1237
1475 1542 2102
1474 1400 1472
1241 1320 1324
1325 1244 1323
1165 1093 1166
56 75 53
684 683 607
2724 1580 2725
2110 2109 612
2123 333 2144
332 271 333
134 2136 203
2139 2992 2920
2143 2142 2121
270 2144 271
331 2932 2924
280 2927 2926
337 335 2122
97 161 124
417 480 479
346 479 2163
478 2167 605
66 124 91
347 480 417
2135 221 169
2169 112 79
48 2133 1978
2128 2035 2922
2171 175 1945
1269 1193 1270
2172 142 143
2173 109 1938
144 140 107
627 2182 560
2184 490 493
350 282 349
2180 348 281
181 182 234
2150 222 2291
625 628 561
625 2197 2187
628 625 2186
559 2198 495
2757 2749 2812
2757 1509 2749
289 2176 288
2722 2740 2741
2129 2204 346
2191 416 2204
2204 416 346
907 985 981
1268 1267 1271
1122 2208 1051
2112 2215 690
221 218 169
500 565 497
324 397 398
527 2221 529
523 2937 2944
956 1028 884
865 2229 864
738 864 813
1094 1097 1024
456 457 394
531 461 460
383 448 380
672 2826 2232
672 2965 2956
603 600 677
890 962 959
949 1019 1020
949 1020 2238
664 663 659
661 2243 585
2245 2258 515
666 734 665
584 590 589
2253 873 809
207 1969 256
256 257 206
207 256 205
997 1131 996
743 603 677
2297 2255 451
660 2242 2248
888 893 746
960 893 888
2245 449 517
2243 2244 585
451 518 586
2912 2914 2001
448 2259 516
1571 1569 2812
590 658 2241
736 877 812
86 2912 2001
1231 1230 1164
1163 2262 1162
877 952 951
951 1023 878
1103 1161 1087
1322 1229 1228
1174 2267 1163
1163 1090 2262
895 820 2275
60 2014 115
896 967 969
1035 1036 970
874 2261 876
1496 2660 2678
1927 1926 1928
2287 2283 609
2258 2299 516
2755 2753 2745
151 2037 149
450 2298 448
2297 451 406
662 749 681
2275 808 875
116 2914 2037
2308 761 828
2309 759 758
757 827 825
1962 150 2913
827 901 2314
2724 2214 2739
2913 191 152
664 729 731
1194 1255 1272
1194 2316 1266
1002 924 2810
1114 2321 1113
118 2000 1962
1962 2000 150
1034 2328 1108
86 46 2912
1002 2805 924
1477 1405 1330
1545 1477 1530
151 149 190
1532 1590 1591
1231 1164 1232
98 68 99
1317 2274 1394
1685 1641 2348
1531 1588 1589
1641 1640 1588
1527 1526 2352
1685 1730 1729
1641 1588 1638
29 1 28
2349 1534 1587
1068 2810 2811
1774 1808 1775
1639 2347 1684
2359 1731 1689
2 1 29
1619 1504 1848
862 2823 2824
2369 2368 1849
2432 2370 1822
1135 1067 1000
1174 2279 1247
1819 1822 1847
1747 1790 1820
1806 1812 1803
2613 2056 2381
2438 1814 1842
1605 1604 1653
2386 2385 1652
1745 2390 2375
363 1046 431
2397 1481 1417
1046 2486 1120
2401 1118 1186
1345 2395 1344
1415 1342 1341
1552 2392 1553
1550 1560 1559
1551 2409 1484
1396 1468 1464
2411 2355 1591
2412 1591 1590
1252 2270 1330
804 788 802
1334 1332 1250
1601 1650 1602
2462 2461 2850
2421 1551 2391
1693 1699 1606
1656 1655 1553
1693 1606 1648
1414 2408 2403
2406 1414 1343
1187 2323 2423
1482 1549 1481
2555 2560 2558
2424 1118 1116
1260 2425 1187
2401 2319 1118
1260 1187 1261
1184 1183 1117
1706 2433 1743
1336 1254 2437
2470 563 630
147 1936 120
1192 1193 2471
979 907 981
974 1042 1039
1185 1254 2444
1265 1190 1189
2445 1189 1122
2443 1122 1119
496 432 2220
683 754 2447
542 541 607
546 545 2162
764 765 691
989 1055 990
2456 918 845
917 916 842
2807 1212 1293
861 2825 936
2457 920 917
997 919 923
2470 630 2911
2467 2882 774
699 628 2466
776 2196 2469
2469 699 772
1126 1197 1057
1424 1352 1420
2478 2477 1270
2446 1271 1267
2445 1267 1265
1047 1048 2208
2479 1265 2480
844 846 2456
2473 984 983
1047 986 979
1192 2474 1123
2479 1123 1190
1422 1348 1273
1351 1350 1273
2488 2489 1883
2908 539 543
2629 1294 2794
1143 2629 1142
1793 2510 2894
2504 2506 1872
2514 1517 1450
2894 2498 1797
1851 2517 2499
1910 1915 1916
2611 1854 2580
1236 2105 1237
1908 1894 2519
2523 2489 1919
1898 1909 1914
2502 1918 1851
1736 1735 1726
1895 1908 1913
902 2904 901
2523 2525 1883
1843 2369 1822
1865 2382 1845
1713 2361 1911
1604 1695 1653
1483 2435 1416
2278 2277 968
1253 2979 1179
1806 1805 1832
1149 2590 1216
1600 1683 1649
1649 1727 1738
1600 1599 2350
2372 1815 1814
1814 1815 2528
1601 1602 1547
757 2287 687
1014 1016 1015
1839 1816 1784
1531 1586 1588
1807 1833 2530
1687 1639 1636
2411 1639 1587
1540 1543 1595
2532 964 1031
2649 2645 2635
1101 963 1102
1102 963 1099
1098 2106 1168
2101 1476 1543
1474 1541 1475
1778 2608 2539
2635 2645 2655
905 976 978
1729 1770 1683
2655 851 850
1624 2547 1574
1625 1669 1670
1112 2444 1181
1774 1780 2558
2646 928 860
1758 2561 1799
1758 1799 1767
1002 2969 2805
1068 2972 2810
2580 1887 1877
2526 2413 1905
2362 1713 1867
1291 1292 1369
1210 1291 1150
1149 1296 1298
1217 1147 1216
2595 2594 1148
974 1040 1115
975 903 2428
1146 1075 1149
1896 2073 2383
1677 1722 1679
1798 2044 2569
905 829 902
2609 2562 1768
2608 1688 1735
1758 1767 2563
2803 2974 2977
1864 2537 2535
1758 1800 2561
2615 2072 241
2616 2626 1013
720 797 798
2052 719 722
2077 2076 618
619 481 618
693 2622 2620
2625 768 769
767 769 693
718 650 620
1082 1157 1084
1080 1222 1223
1071 1143 1142
2630 1160 1211
1016 1013 1083
945 871 944
2616 943 2618
945 944 1013
1001 1014 1015
1678 1790 2371
2021 858 2023
2632 2054 2634
2634 2099 806
654 635 655
2652 655 2638
2641 709 788
787 850 852
787 852 2967
794 2021 793
2460 1275 1283
2650 635 2636
1286 1275 1205
2651 501 435
567 439 433
1275 1133 1132
786 2648 2020
787 786 2654
583 570 509
189 193 2072
522 2945 2005
2659 1615 1565
2205 2060 2063
1579 1628 2666
2670 1661 1711
1617 2658 1615
2658 1710 1660
1829 2671 1802
1875 1889 1859
2675 1425 2833
1495 2676 1494
2677 1495 1494
2684 1430 2678
2679 2662 1565
2674 1380 2682
1301 2682 1302
2516 1426 2684
1432 2687 2685
2802 2993 2797
2687 2668 1498
2222 2949 2951
2042 2381 160
2739 1633 2694
2475 1268 1271
1901 2698 2500
2571 2565 1828
1874 2491 1858
1715 1714 2700
2226 2221 526
527 2801 526
2703 1225 1224
1388 2712 2705
1453 1454 2707
2708 2781 1454
1455 1452 1386
2709 1451 2710
2706 1388 1385
528 2950 527
1383 1384 1304
1579 2714 2716
1520 2715 1452
2892 2896 1366
2723 1452 1519
2726 1674 2697
1224 2729 1157
1227 2731 1307
1420 2449 1490
1581 1508 2734
2042 160 123
2736 1570 1508
1168 2106 1236
458 2933 2943
2449 2450 1413
1761 2673 1764
2450 2900 1413
1448 1512 2744
1448 1514 1512
1370 1369 1292
1370 1439 1369
1299 1370 1292
2874 2621 697
1461 1312 1391
1422 2899 1421
1152 1095 1026
2748 1378 1440
1571 2984 1511
1372 2983 2982
1369 1439 1448
2701 1624 2753
2754 2701 2753
2756 2755 2986
2757 2998 1444
674 2232 2826
1156 1080 1079
1351 1423 2476
1423 1488 1492
1159 2762 1086
2704 2730 1223
1071 2976 2975
1159 2728 2727
1308 1227 1307
1013 2619 945
1136 2414 1610
619 620 579
867 868 2778
912 940 866
866 940 941
767 2624 838
838 910 911
1427 1365 2867
1196 1198 1054
1579 2782 2512
1626 1673 1627
1628 1676 2665
1626 1627 1577
1517 1521 1456
2514 1450 1449
1156 1154 2787
2789 2788 867
522 506 2004
1081 1011 1080
1318 1319 1401
1239 1235 2107
646 716 2225
2598 2597 1072
1146 1072 1075
2790 1374 1442
1004 1006 934
1003 928 2971
1147 2796 2598
1074 1148 2594
701 2464 2883
1006 2597 1005
2004 2954 2991
671 2797 597
671 597 676
506 507 2798
2864 1435 2893
2006 2963 2961
2226 592 2799
595 671 2956
459 2012 457
528 2230 2950
527 2946 2801
530 2230 2948
2802 2952 2993
2802 2797 671
389 317 372
2005 453 390
2804 1149 1216
1004 1075 1072
2803 2977 2793
2805 2970 2996
1071 2975 1140
919 2454 923
1003 2972 2803
578 648 2955
1460 1508 2735
1144 1213 1212
2752 2999 2981
1143 1144 1214
1141 1069 1142
2805 2806 924
1068 2811 1069
1571 2985 1569
2812 1569 1445
2748 1447 1441
1511 2600 2758
2807 1144 1212
1293 2750 1373
704 2898 784
1622 1623 2747
2137 2116 172
2819 2720 1309
2821 2796 1148
1073 1007 2822
931 935 861
1990 1986 1985
929 2026 2743
861 935 2825
525 454 2088
2452 781 785
885 2827 883
1096 1098 1168
955 957 1029
1538 1472 1539
2061 160 2205
1537 1592 1536
578 2798 648
1401 1471 1472
1401 1472 1400
1319 1537 1471
2233 2994 2959
890 959 958
740 881 814
1404 1325 1323
1404 1323 1403
647 1989 645
955 885 957
888 958 960
1101 1031 1030
1380 1381 1302
2798 507 1989
1198 2769 1221
1155 1198 1221
1301 2786 1353
1276 1356 2830
1199 2843 1200
1200 1197 1127
1124 1126 1058
1199 1127 2831
1425 1357 2833
1202 1282 1284
1281 1200 2843
2668 2848 1500
1361 2839 2849
1432 1431 2687
1497 2685 2661
1061 995 1060
1056 2463 2846
784 785 2454
716 1988 737
1712 1664 1752
1718 1792 1801
1621 1666 1620
224 172 2115
1746 2855 1743
2857 1287 1286
1135 1138 1067
921 999 1063
2229 938 939
1203 1130 1202
1361 1355 2839
1360 2834 2832
1359 1360 1281
2841 2843 1279
2865 1358 1355
1064 2837 1059
1433 1428 1361
1432 1433 1361
792 1982 712
552 622 624
1106 2331 2266
2331 1032 2266
2875 617 2076
867 866 941
1421 782 703
2064 303 2078
41 25 1934
551 484 554
624 622 771
2875 556 555
693 2620 2874
2878 422 355
350 2039 2188
2203 359 427
490 2195 489
2881 843 778
2194 496 2885
293 2193 361
556 2869 2872
2858 1368 2459
2891 1607 1557
1748 1708 1749
1550 1559 1491
2857 2893 1364
2211 2218 833
1567 2859 1502
2421 1603 2409
1486 1555 1488
1006 1004 2597
1489 782 1421
1033 2331 1106
2266 1032 1107
1204 1208 1205
1490 1486 1420
2025 2024 2791
1065 999 1134
2025 858 2024
2864 2893 1362
1605 2422 1603
2867 1365 1436
930 2025 932
922 848 1489
1489 848 782
1561 1489 1492
1207 1290 1366
1134 999 1131
977 2901 976
975 2428 1041
1206 1207 1289
1039 1038 974
904 905 903
904 903 760
755 2902 760
2591 2594 2584
902 829 2904
2902 758 2308
829 828 761
1147 1148 2796
2202 1368 2481
626 2911 629
626 629 698
428 494 495
2866 2848 2668
1962 2913 152
153 1962 152
19 20 31
1141 2794 1145
2793 1004 2792
2291 222 276
2134 1978 61
2915 100 70
939 1026 1025
319 320 264
1376 1374 2790
2916 2995 688
752 821 751
2598 2796 2597
468 2155 412
2 5 2917
644 712 577
1920 9 8
1612 1562 2890
128 1925 1927
64 1928 94
1929 1960 1930
1929 1930 1931
1929 65 63
32 33 51
16 25 40
1239 2107 1318
108 106 110
1318 1401 1321
1942 89 87
105 1943 136
1746 1743 1747
1944 105 136
1708 1709 1746
74 1939 1940
1749 1708 1746
1708 2854 1709
1705 1612 1659
1920 10 1923
1920 1923 1946
1870 1850 1871
41 40 25
1707 1659 1708
13 23 1924
13 1924 21
1924 35 21
1568 2862 2690
1951 62 1952
1951 1952 1953
1952 66 91
27 45 1951
17 27 44
1929 1956 1960
59 83 84
2459 1368 1363
1981 128 1932
128 1960 1932
194 154 129
398 393 2013
1969 255 259
1054 1057 1196
1972 168 166
213 1973 1975
1976 204 207
43 1953 90
28 44 43
1978 43 61
557 555 487
167 168 1971
269 215 216
1979 215 1973
556 485 2869
1964 1937 214
1926 1925 130
556 2086 485
2785 1380 1449
2081 483 2873
1983 712 1982
1984 2968 2030
1057 2886 2768
1053 2886 1057
2845 1058 2886
715 2962 714
1991 638 573
1955 86 1994
1955 1994 127
195 243 1958
243 245 1958
367 366 436
1961 1981 1932
164 162 129
243 247 245
1999 194 1998
116 2000 2001
2003 262 322
522 2936 2945
442 2005 390
503 576 441
2006 2961 591
441 577 505
441 505 442
442 505 507
1983 713 645
1566 1501 1618
573 637 1991
211 2008 196
212 1965 164
2009 212 2008
2881 2457 843
211 196 1997
323 324 2929
2003 263 2009
260 246 247
247 302 260
212 263 2013
188 2015 187
2881 2458 2457
791 2022 2023
772 773 776
2026 932 1005
920 2458 921
847 919 2458
1626 1577 1613
602 679 601
601 679 534
326 392 330
462 399 1966
462 1966 328
328 269 268
116 2037 2038
116 2038 150
7 13 21
56 38 55
2169 55 57
136 1945 174
136 174 1944
105 1944 2040
1942 87 42
2691 1519 2715
2691 2715 2716
490 426 2195
2715 2717 2716
2877 427 488
81 82 80
2050 582 2095
719 652 2050
720 721 797
651 2052 653
2034 651 653
2034 653 657
379 378 445
420 421 349
2043 2613 159
1737 1692 2578
2060 2056 251
123 2061 2062
350 351 2039
304 248 199
304 199 249
352 418 2064
2878 355 2879
156 1935 155
2818 1522 1580
338 148 117
368 366 299
2072 193 244
2072 244 241
242 1995 241
693 2874 697
50 1942 42
73 89 1942
240 2070 2071
2015 147 2045
2075 250 238
2074 89 73
2205 155 2041
296 299 295
364 250 306
434 364 365
617 618 2076
354 352 2080
286 285 230
2084 425 482
486 2085 2084
443 2077 481
581 508 481
96 130 1950
622 553 621
67 1950 2087
269 216 214
2184 423 426
462 401 399
599 677 600
447 465 2090
598 533 532
532 405 466
525 405 454
257 256 312
398 397 461
321 455 392
2195 357 290
2042 2613 2381
2877 488 489
177 229 2093
2047 2094 158
2047 158 122
2040 139 137
2098 2096 871
2066 244 240
2100 1234 1233
2101 1543 1540
1328 1476 2103
619 2623 2620
2622 619 2620
1544 1644 2543
1474 1403 1323
1097 1100 2106
1027 1098 957
2770 1012 942
2110 549 2109
2111 479 549
692 2112 616
2148 2923 2115
131 2137 172
408 333 334
331 2124 332
487 2081 552
2126 347 408
279 223 2127
2128 2922 2926
279 2127 344
346 2131 345
29 28 2133
2 49 3
2134 69 1978
217 2116 2137
2140 169 218
272 218 221
557 623 555
337 2122 275
2147 345 2928
280 2925 2927
2128 2131 2130
271 2124 2117
2151 2152 2153
2887 2085 2869
2155 2153 342
208 276 219
2875 2076 556
539 474 468
183 980 2217
2774 2773 911
340 410 337
2161 2158 2160
2129 2163 2164
471 478 2126
2166 691 614
1497 2663 1433
478 480 347
1203 1279 1199
39 80 57
114 2170 81
1360 2835 2834
2866 1431 1427
1432 2849 1431
2172 173 142
2172 143 2174
866 867 2772
2174 178 231
180 178 140
180 181 234
2176 234 288
2179 113 2177
113 184 2178
2169 2179 112
627 695 2182
553 554 2184
350 2188 282
282 226 2189
2189 226 232
552 554 622
2147 2932 2125
356 288 2192
2776 987 2777
237 2193 185
2845 2886 2776
54 2017 77
2173 2108 107
141 111 140
2195 290 356
625 561 2197
2876 2187 2185
427 492 491
2200 430 2194
267 1975 266
288 356 290
82 2170 113
2132 344 416
2165 477 2204
2165 2164 547
2774 2625 2773
973 760 903
606 473 608
540 2166 605
2167 540 605
2861 1500 1436
1501 2861 1437
2442 972 823
2206 1048 985
2213 833 2209
983 2210 979
183 2217 2211
2860 1505 1506
362 237 294
2216 762 2113
2772 2778 2771
766 835 2213
183 984 980
2217 832 2218
500 431 499
294 906 982
497 565 2220
324 398 325
675 676 597
2225 675 596
2227 2225 596
742 815 676
884 885 883
2228 884 879
953 1024 956
1100 1236 2106
2011 325 263
456 394 453
1286 1287 1275
460 461 1993
530 2941 2230
2231 2953 528
672 2232 2965
673 594 2233
1742 1703 1702
818 890 887
1657 1703 1701
744 816 2235
878 1019 2239
206 161 205
384 1967 449
315 381 311
265 1968 259
1696 1704 2385
589 665 2246
588 660 2248
587 588 2249
520 521 1967
327 388 315
780 779 701
728 733 2250
733 2252 734
666 735 734
667 727 2241
733 734 810
2250 733 809
1198 1277 2769
810 2253 809
2091 1974 161
2091 161 97
587 589 2246
2247 2246 2251
892 964 965
817 888 746
1229 1392 1313
2854 1659 2856
2896 2889 2858
735 810 734
893 892 811
1164 1091 2256
1232 1164 2256
745 746 811
1018 2263 1022
2268 1163 1162
895 876 968
1748 2430 2852
1022 2260 1021
2261 950 876
231 180 2176
688 2282 686
2290 339 2291
2290 2291 2292
257 2295 206
626 559 2199
386 2301 385
2296 2289 2293
1750 1710 1711
661 659 518
732 749 662
663 732 662
2275 749 732
1308 2764 1227
688 2285 759
2284 757 825
2285 2287 2284
2727 2728 1224
2310 977 2311
2310 2311 2312
827 2314 825
2123 336 334
750 2302 819
1159 1158 2728
2317 1188 1256
2329 2322 1178
1178 2423 2323
1033 1034 2327
1044 2325 1116
2310 1034 977
747 750 819
2334 2332 1334
1109 2333 2265
1530 1406 2337
1253 1252 2341
2616 2618 2627
2669 1618 1662
1463 1464 1526
1663 2669 1662
1466 2343 1393
1662 2863 2862
2343 1316 1393
2627 1081 1082
1771 1733 1773
1684 2347 1728
1685 2348 1730
1730 2348 1771
1640 1589 1588
1406 1528 1529
1685 1729 1640
1630 1523 2818
2356 1590 1594
1731 2358 1732
2359 2358 1731
1664 2510 1752
1645 2356 1594
2362 1900 1713
2365 1882 1897
1910 1899 1898
1848 1504 1821
1619 2364 1867
1992 395 2934
1787 2372 1786
2374 1786 1739
1881 2379 1894
633 632 704
1814 1845 1842
1696 2386 1697
1743 2389 1704
1706 2388 2390
2388 1696 2828
2388 2828 2390
1745 1706 2390
1703 1609 1702
2396 1554 1549
2219 702 2452
2400 1335 1411
783 847 780
1345 1263 2395
1648 1606 2396
1826 1611 1830
1160 2762 2763
1483 1416 2392
2408 2407 1412
2756 1572 2599
2703 1224 2730
1467 1468 1396
2411 1587 2355
1533 1534 1468
1125 2846 1129
1638 1588 1586
1600 2338 1599
2474 2472 2440
1839 1817 1816
2264 2418 1249
1056 993 2463
2336 2418 2264
1694 1693 1648
1479 1546 1547
2463 994 1061
1602 2419 1651
1305 1222 1303
2393 1346 1340
1156 1079 1154
2420 1419 1554
1604 1553 1655
993 918 994
1738 1769 1803
2420 1656 1553
1694 1700 1693
1491 1487 2407
2387 2422 1654
1249 2418 1334
1187 2423 1250
2424 1116 2324
2424 2324 2323
1260 1262 2425
2425 1186 1187
1342 2404 1341
2837 2838 1059
1866 2384 2429
1821 1818 1791
1795 1824 2497
1745 2375 1789
1678 2432 1819
2434 2405 2404
1338 2436 1336
1337 1338 1413
1813 2370 2432
991 2850 992
2756 2986 2758
208 2294 313
1136 1066 2414
279 343 22
2757 2812 2998
2754 2755 2756
2754 2753 2755
2442 823 824
764 691 751
821 2207 751
752 751 682
1185 2444 1112
2661 2685 1498
608 683 2447
683 753 754
1497 1433 2685
546 2162 476
755 2905 753
613 550 478
1838 316 2557
2434 2437 2405
1412 1338 1336
615 2109 616
613 616 550
784 2452 785
1513 1574 1573
2847 1283 1354
839 840 841
777 695 2455
1843 2367 2369
2459 1363 1205
1282 2460 1283
2883 2464 2884
699 2466 698
2182 695 621
1197 1200 1276
2471 1121 2472
1049 1050 2473
2474 2440 1052
1358 2841 1280
1351 1274 1352
1273 1195 1274
1047 2208 1052
983 984 183
1046 1050 2486
1123 1052 1190
1192 1123 2483
1422 1421 1348
1193 2487 2486
986 1047 2485
2488 1883 1885
1901 2490 1903
2492 1888 2493
2492 2493 1889
1859 2493 2494
1133 2460 1201
1796 2497 2498
2488 1872 1869
1850 2504 1871
1884 1871 2501
1823 1850 1870
1801 1823 2505
2503 1872 2506
1444 2581 1509
1666 2507 2510
2838 1062 1060
1364 1437 898
2507 1665 1713
1793 1752 2510
1795 1796 2508
1203 1129 1061
1851 1918 2517
2499 2517 1869
1209 1139 2584
1508 2601 2732
1917 2523 1919
2523 1883 2489
1869 2517 1919
1076 1151 1009
1894 1895 1881
1284 2839 1285
2508 1713 1911
1604 1655 1695
2448 1181 2444
2436 1254 1336
2448 2444 2436
1109 1107 1036
2278 1107 2277
1253 2341 2979
1251 1333 2980
1253 1179 2271
1727 1683 1770
1640 1729 1683
1805 1806 1772
2378 1840 1841
1924 36 35
2438 2372 1814
1152 1167 1095
1843 2431 1842
1602 1651 2339
1495 2675 2835
2835 2833 2834
2834 1357 1356
1811 1784 1785
2376 1839 1784
1807 2530 1805
1402 2342 1396
2412 1636 1591
1347 1419 1346
1406 1477 1330
1780 1691 2552
1595 1543 1597
1246 1402 1322
1234 1235 1165
1281 1360 2832
1357 1353 2683
2342 1402 2103
1778 2539 1779
1276 2830 1277
1810 1783 1809
2541 1810 2542
2541 2542 2536
2564 2562 2544
2787 1155 1302
1775 1808 1834
156 120 1935
2769 1278 2786
2549 1776 1775
2549 1775 1834
2521 1878 1861
307 2058 2065
1220 1310 1167
1879 1862 2548
1893 2559 1864
2521 1879 1892
1774 1690 1780
1737 2553 1692
1808 2558 2560
240 244 2070
1150 1291 1220
2563 2562 2564
1756 1759 2607
1635 1583 2545
1469 1397 1462
2571 2566 2570
2571 2569 2044
1220 1379 1310
1715 2576 1714
2100 1233 1312
1886 1887 1873
1917 2524 2523
1907 2413 1906
1391 2744 1461
2363 1900 2362
1509 2581 2582
1217 2593 1218
1375 1299 2587
1376 2589 2588
1375 2588 2589
1149 1298 2590
1217 2592 2978
1104 2532 1171
1299 1219 2596
1104 965 2532
2532 1031 1171
2524 2413 1907
2239 2253 807
1299 2586 1370
1757 1758 2603
1716 2604 2574
2604 1756 2567
2605 1716 1669
2606 1668 1624
396 395 2935
1754 2576 2602
1826 1762 1611
1757 2607 1800
1634 1525 1583
2564 2544 1635
2609 1736 1726
2538 1688 1593
2608 2579 1688
1757 2603 2567
2541 1838 2556
2541 2556 2610
1168 1169 1099
1837 2580 1863
1853 2611 2612
83 149 2037
1778 1779 2614
1810 1836 2542
1778 2614 1777
2614 1809 1783
1777 2614 1783
1390 1457 2720
2096 870 2617
481 2077 618
2874 2623 2621
694 620 619
767 693 2624
767 2625 769
1143 1214 2629
1016 2630 1015
800 2051 801
656 512 2034
726 723 800
2829 1238 1241
2635 707 706
655 635 2637
2638 655 583
2633 2653 2632
872 2640 806
789 709 2641
854 789 2643
708 724 709
787 2967 2966
365 364 306
509 2068 510
570 569 501
2068 509 570
2068 570 2651
725 788 724
2653 2638 656
570 501 2651
568 439 567
787 2654 850
642 705 641
642 567 569
572 502 370
96 67 1928
2233 594 2231
2686 2659 2661
1497 1565 2662
1628 2665 2667
1579 2512 1628
1579 2666 1629
2669 1663 1661
1711 1663 1751
2670 1711 1710
419 426 423
1564 1615 1616
2674 1353 1357
2233 2231 2994
1430 1425 2675
1493 2684 2678
1615 2679 1565
2679 1563 2662
2516 1449 1426
673 2233 2957
2785 2681 1381
2681 2718 1381
1426 1380 2674
2466 559 626
1432 2685 1433
2686 236 1614
2306 2907 539
1740 1786 2373
1680 1725 1723
2583 135 2035
2695 1802 1766
2665 2697 1675
1762 1722 1724
2269 1826 1830
1852 1855 2572
319 210 261
2354 1641 1637
1874 1888 1876
1901 1903 2698
1853 2565 1854
905 904 829
2573 1854 2565
2495 1855 2491
1857 1875 1859
1518 2717 2715
2752 2981 3000
2704 1223 1305
1385 1303 1384
2706 1454 1388
2478 1193 1192
2713 1387 1306
1579 1629 2714
1518 1453 2719
1450 1456 2681
1389 1307 2721
2709 1389 1386
1390 1389 1457
2695 1681 1720
2672 1681 2695
1225 1226 2727
1224 2728 2729
2711 2721 1387
1389 2721 1386
261 210 163
148 193 189
2213 2209 2212
498 430 361
2736 1622 1570
2692 1679 1631
1523 2692 1581
1680 1723 2738
1802 2695 1764
1676 1719 1721
1921 34 1922
11 10 7
1930 64 1931
1932 95 127
41 59 40
14 2988 2918
1622 2747 1570
2820 1990 795
19 30 26
21 35 34
1947 15 14
8 9 20
1952 91 1953
882 741 883
197 194 1958
1623 1572 2747
437 367 436
162 1961 129
955 882 2827
1963 1964 214
2825 1008 2822
2724 2739 2694
259 311 1970
1644 1544 1538
816 886 817
165 167 1980
257 313 2294
1932 1960 1956
2906 476 414
646 648 2960
647 645 714
1147 2595 1148
2290 412 339
395 391 394
127 1998 129
412 2155 339
456 453 2938
2006 591 2991
441 442 389
1983 645 712
154 196 2008
1992 323 2010
324 325 2931
323 2929 322
823 2905 824
1996 2015 188
2018 2019 37
859 933 2024
930 2027 2025
711 2031 640
640 639 710
330 405 400
2903 685 2910
2916 688 2309
1295 2817 1294
85 117 2014
30 50 42
89 122 123
546 2304 545
228 2046 198
580 652 651
652 582 2050
718 721 720
720 798 719
653 723 657
199 248 2057
468 2288 469
1984 862 2989
672 676 741
2056 202 253
252 253 2057
199 198 249
308 254 305
254 304 305
2816 2813 1297
567 501 569
149 148 189
1996 188 2071
1943 105 73
2074 137 2047
2045 156 187
103 2583 6
525 2088 524
368 299 300
485 443 424
303 249 284
2082 425 287
2868 425 2084
374 373 444
531 594 668
454 405 404
2816 1297 2817
678 598 534
1372 2816 2817
463 405 532
204 255 207
455 454 392
177 2093 139
2048 176 2093
580 445 582
295 240 239
2516 2514 1449
1312 1233 1311
1372 2815 2983
102 93 2136
1540 1532 2101
1243 1325 1326
1241 1324 1323
1169 1244 2104
1320 1399 1324
1167 1310 1311
1027 885 1028
608 542 683
615 690 611
615 616 2112
2121 2145 274
848 922 2496
2915 93 102
2129 346 2163
66 1950 97
1584 1637 2353
2139 2920 2140
97 1950 1971
2147 2928 2932
332 2124 271
331 2148 2124
2149 2150 342
411 340 341
2151 468 474
413 414 2160
2166 614 605
605 613 478
605 614 613
28 43 1978
279 344 343
142 1941 143
141 2174 143
2181 695 627
560 493 561
226 175 2190
419 2180 357
2897 1000 1067
415 37 2019
36 53 2017
56 2016 38
1516 2415 2710
2746 1445 1443
2200 293 361
184 185 2193
222 219 276
627 561 628
108 142 173
2132 416 415
344 2131 416
608 473 542
973 903 975
278 220 2154
2206 908 1037
1495 1429 2676
1265 1267 1268
835 831 907
831 765 907
2209 833 2218
2135 101 133
2210 2211 835
186 906 294
2216 830 906
2746 2812 1445
1874 2493 1888
2121 2140 2145
2708 1453 1518
500 497 429
289 290 281
456 2936 2937
523 591 592
2611 2580 1837
1095 1093 1026
1025 1024 953
313 382 383
1097 1094 1100
324 2930 397
458 2941 2940
397 1993 461
458 2939 2230
650 2095 582
673 2957 2965
525 524 593
816 817 743
1977 206 126
951 812 877
658 590 584
588 521 2249
588 585 521
666 665 590
2252 733 2251
728 730 660
2686 1614 1617
1019 949 2239
205 161 1976
464 402 401
329 388 327
603 535 600
588 2248 585
958 886 887
24 58 1957
887 886 816
84 2914 2912
878 807 812
877 736 811
746 743 817
1018 2261 2237
727 812 807
1092 1019 1023
1092 2263 1019
1018 1022 950
2753 1575 2745
873 948 874
1322 1228 1246
2264 1175 2265
1177 2266 1175
2268 1162 2280
1174 2268 2279
1466 2272 1394
970 1021 2276
895 967 896
967 2277 969
968 876 970
1021 876 950
2329 2281 1176
2291 276 2292
2575 2602 1667
151 190 191
2296 2293 310
2296 380 385
2257 2240 384
467 451 519
536 467 519
2304 2903 2305
546 2306 2908
153 152 1999
536 604 538
118 1962 127
894 826 2302
819 756 748
451 586 519
190 1995 191
1264 1340 2318
1257 1185 1182
2317 1256 1184
1469 1535 1470
1187 1186 2323
2329 2324 1108
1032 966 969
1033 2327 966
1177 1106 2266
2331 966 1032
1032 2277 1107
2332 1332 1334
1407 2334 1408
1408 2335 1331
2336 2264 2265
1253 2271 1248
2615 241 1995
1248 1247 2273
1478 1477 1545
1480 1409 1479
2338 1546 1479
1480 1479 1548
937 2824 2823
1548 2339 2340
1473 1532 1467
2537 1862 316
1314 1315 2279
1245 1173 1326
48 68 2133
936 937 2823
2349 1587 1637
1406 1529 2337
2609 2544 2562
1137 1208 1204
1640 1683 2350
1897 1898 1899
1748 1749 1818
1137 2897 1067
1007 937 936
2387 1697 2386
1134 1131 1137
2385 1702 1609
1264 1256 1263
1332 1335 1261
1485 1553 2392
1254 1259 2405
2404 1259 1341
1384 1303 1304
1584 2352 1534
1545 1531 1589
1315 1247 2279
1395 2272 1406
1844 1846 1817
1408 2334 1333
946 2640 872
2393 1264 1345
2420 1554 1656
994 2461 2462
1550 2408 1484
1605 1654 2422
1177 1249 1176
2462 2850 991
1549 2340 2396
2401 1186 2425
2322 1249 1250
1335 2399 2426
2367 2382 2368
1482 2426 1410
1183 2321 1117
1258 1256 2318
1113 2321 1115
562 495 494
2894 1796 2498
1259 1185 1257
2448 2436 1338
563 2883 630
1695 2374 1739
1695 1740 1653
2209 832 830
752 754 822
971 908 900
541 544 607
613 614 763
565 2851 632
781 2453 785
2110 612 548
914 839 913
497 2220 498
989 913 918
998 921 1063
2459 1205 1208
1362 1286 1205
629 700 698
494 563 2470
777 2455 776
1274 1268 2475
2482 1195 2483
2208 1190 1052
1348 703 631
985 1048 981
1508 2732 2735
342 2150 339
1050 2472 2486
2488 1869 2489
2269 1858 2491
1874 2494 2493
2909 2282 2304
475 474 2907
1901 2500 1885
2488 1885 2501
1713 1796 2507
1621 1665 1666
754 2905 822
2836 160 2381
829 761 2307
2902 2308 828
2521 1892 1906
1909 1913 1914
1913 1917 2522
2522 1919 2517
758 759 2308
1665 1867 1713
902 901 976
2314 2904 2307
2526 1891 1878
1619 1867 1665
2596 2593 2590
2448 1338 1337
1251 1179 2979
1179 1180 2271
2338 1479 1478
1860 1880 1841
1812 1806 2377
1814 2380 1845
2313 826 894
2438 1842 2431
2404 2405 1259
2310 2330 2303
2303 2330 897
2419 1650 1694
1741 1816 1815
1771 1804 1730
1804 1805 1772
2345 2356 1645
1315 1316 2274
1527 1528 1465
1527 1465 1526
688 686 2283
1780 1690 1691
1246 1228 1103
1096 1168 1099
1237 1238 1169
963 962 961
1027 2106 1098
789 2645 709
2554 1810 1782
1734 1643 1688
1904 1864 1877
2551 1878 2527
1645 1689 2360
854 2806 851
2554 1783 1810
1737 1777 2987
2805 2996 2806
974 1115 1042
928 2970 2969
1461 1462 1397
1003 2973 2972
2571 2044 2572
2574 1670 1669
1141 1145 2793
2577 1714 2576
2525 2524 1907
1886 1876 1890
1906 1892 1893
1297 1149 1215
1904 1877 1902
1375 1298 2588
1051 2206 1119
1210 1209 2585
1291 1210 1292
1758 2563 2603
2567 1670 2574
2605 1668 2546
1828 1800 2607
2020 641 705
1717 2546 2577
786 2020 705
1634 1635 2544
2793 1075 1004
1194 1272 2316
1696 2385 2386
1119 1110 1191
1810 2610 1782
1834 2560 2557
2686 1498 2668
1779 1809 2614
2565 1827 2561
502 572 573
943 870 942
943 944 2617
1034 2901 977
2617 944 871
868 869 799
617 2621 2623
2621 623 696
1041 1043 2427
649 721 718
2451 1066 1135
1214 1294 2629
2631 942 870
805 872 806
804 946 947
2619 1016 1014
2099 726 805
2053 723 726
2619 946 872
1206 1066 1136
789 2641 2643
2643 2641 853
925 853 926
854 2643 925
1206 1136 1207
511 656 583
2650 706 636
635 636 570
656 2034 657
707 705 634
1616 1671 1613
2657 1660 1710
1364 898 1365
1132 1134 1205
1433 2663 1428
1761 1719 1673
1207 1366 1289
1794 1793 1825
1611 1765 1766
935 1008 2825
2515 1493 2660
2231 594 531
2683 2830 1356
594 2232 674
2799 596 597
2802 671 595
1794 1792 1751
2897 1131 997
528 2947 2949
189 2072 2615
2738 1630 1633
2475 1271 1349
530 2953 531
2494 1831 1859
1901 1883 2490
1855 2495 1873
1305 1303 1385
2706 1385 1384
2704 1305 2705
1451 1386 1452
2223 2946 2950
2224 526 2801
1517 1456 1450
1521 2717 1456
2709 1386 1451
456 2224 2801
1516 2723 2783
2449 1413 1487
2800 395 2012
458 2943 2939
1460 1459 2737
2692 1630 1677
1680 2738 1682
396 2935 2933
2726 2693 1632
1337 1413 2900
2589 1377 2586
1443 1445 1377
1299 1292 1219
2596 1218 2593
1512 1461 2744
1379 1391 1310
1489 2899 1492
2807 2999 1214
2605 1669 2547
1461 1512 1524
1382 1302 1381
1084 1157 2729
1226 1227 2763
2825 1007 936
1069 2811 2766
2809 2767 2976
1071 1140 2628
2627 1084 2626
1126 1127 1197
1197 1276 1277
481 579 581
838 2624 836
767 2773 2625
1557 1492 1488
838 909 910
836 697 837
649 2772 2771
1155 1078 1198
1155 1153 1078
723 722 800
1283 1275 1354
797 721 799
2778 721 2771
1455 2781 1452
1520 1518 2715
2226 2799 2797
592 596 2799
1627 1628 1577
2667 1675 2742
1518 2719 1456
1221 2769 2786
1470 1537 1319
1398 1319 2107
712 645 577
1077 1076 2795
928 934 860
860 934 933
578 2955 2954
711 710 791
879 884 815
742 675 813
596 675 597
2857 1286 1362
578 2954 506
523 592 526
2864 1362 1363
2800 2012 459
456 2801 457
2223 2801 2946
527 526 2221
529 2221 2952
318 390 391
2022 793 2021
1297 1442 1374
1141 2793 2977
1003 2971 2973
854 851 789
2806 2642 851
788 709 724
2649 2635 706
2767 1140 2975
2619 1014 946
1374 1298 1296
2593 1216 2590
1149 1075 1215
1068 2974 2972
1141 1068 1069
2734 1460 1523
2807 1293 2999
853 788 804
1001 1070 2766
1071 1142 2976
2810 2644 2811
854 925 924
926 2808 2766
2755 1569 2985
1447 1446 1510
2749 2984 2812
1444 2790 2581
2815 1373 2751
1372 2817 1295
1378 1441 2813
2748 1440 1446
1459 1309 1458
1373 2735 2733
2752 1372 1295
1293 1373 2815
1308 2765 2764
1990 714 713
2481 1368 2889
668 2036 524
672 2964 676
2234 881 954
955 2827 885
1593 1643 1644
1475 1541 1542
1642 1592 1535
740 814 670
2222 2958 2994
594 674 668
668 669 2036
2829 1241 1244
1172 1243 1242
1101 1171 1031
1242 1173 1171
964 960 1031
2674 2682 1353
1426 2674 1425
1353 2786 2683
1199 1200 1127
1300 1369 1379
1061 1060 1062
675 738 813
1738 2529 1650
1130 1128 1202
1359 2841 1358
1360 2844 1429
989 993 1055
998 920 921
1056 1125 1124
1124 2831 1127
1566 1618 1614
1618 2669 1614
1188 2319 2320
880 953 2228
1658 1703 1657
2860 1506 1499
865 737 1988
1434 2864 2534
1355 1285 2839
1497 2661 1565
1359 1358 2844
869 2788 2770
841 2871 624
912 988 1053
1010 2789 867
912 2779 940
1898 1897 2073
444 373 418
352 2079 418
182 235 291
1652 1550 1603
423 551 2873
622 621 771
839 845 913
2083 2082 422
482 422 483
287 230 283
2891 1557 1488
778 2468 2464
633 701 563
2884 629 2911
782 781 703
990 1055 2845
1058 2768 2886
696 2871 697
837 840 914
2871 841 840
420 423 2873
2887 2869 485
424 354 2887
2868 353 287
354 2080 353
2888 2202 2481
792 790 855
1748 1788 1438
1612 1610 1607
1701 1703 1742
2889 1367 1503
1652 1603 2422
1610 1557 1607
2891 1488 1555
2025 2791 932
2421 2409 1551
1603 1550 2409
1287 1364 1365
1423 1492 2476
1489 1421 2899
2414 922 1561
1287 1354 1275
2896 1288 1206
852 859 2647
1341 1258 1340
1341 1257 1258
1119 1037 1110
978 1043 2428
1503 1502 2859
2309 688 759
688 2283 2285
2892 1367 2889
2330 894 897
2888 1503 1505
2908 543 610
935 2743 1008
565 632 566
360 428 359
2885 494 428
428 495 2198
2456 846 2850
846 773 915
842 773 774
2414 2451 922
2615 1995 190
46 84 2912
116 150 2000
64 1930 1960
257 312 313
2295 203 2136
2140 218 2145
934 2792 1004
2123 2144 273
1363 1362 1205
14 17 1
2133 28 1978
933 934 1006
99 69 100
61 90 92
102 2136 133
859 860 933
2 29 49
103 98 131
99 68 69
537 519 663
1504 1567 1502
1562 1555 1608
2907 474 539
2305 2910 544
2916 2304 2995
2910 685 684
753 684 685
754 753 2905
973 824 760
2288 2300 406
2156 412 2290
2598 1072 1146
1924 23 36
1929 1931 65
32 1933 31
1612 1136 1610
121 120 85
42 1934 26
792 2028 1982
15 24 14
1922 76 52
1398 2107 1234
104 74 136
1940 106 138
1308 1309 2765
1939 52 1940
136 74 138
11 1923 10
9 33 32
1612 1705 1136
1920 1946 9
16 19 25
50 72 71
1791 1820 1821
2761 2760 1010
2087 1952 62
62 1951 45
18 27 1954
868 867 2788
63 65 46
84 46 1957
65 1931 47
40 58 24
1011 2760 1079
197 1958 245
243 195 192
2038 2913 150
1961 127 129
1963 167 1964
1221 2786 1301
314 382 312
66 97 124
266 215 269
1976 1974 204
161 1974 1976
215 1975 1973
213 1975 255
1898 2073 1896
353 286 287
125 1977 92
2080 285 353
1963 1979 168
2887 2870 2085
2887 354 2870
1979 166 168
1964 167 165
209 1937 165
2516 2515 2514
2785 1449 1450
420 419 423
1980 1950 130
2081 2873 552
2878 2880 421
909 914 2777
1383 1382 2718
1981 163 128
1383 2718 1453
2440 2439 2485
1986 2824 1985
646 2960 716
1987 648 647
647 714 2962
1990 713 795
715 796 1988
1992 2934 324
396 2933 1993
1955 127 95
1995 242 192
503 438 437
338 193 148
2667 2742 2784
2452 703 781
1997 196 197
195 1999 192
118 1994 2000
237 361 2193
371 372 302
456 2938 2936
522 2005 506
496 494 2885
266 269 1966
502 503 437
646 591 2961
648 1989 647
577 1989 505
2027 2029 791
2003 211 262
318 260 317
395 2010 391
2740 2783 1578
156 201 187
2016 53 22
794 859 2021
930 929 2027
930 932 2026
792 855 2028
574 639 640
640 710 711
440 504 571
446 513 512
512 513 2034
564 500 499
2714 1629 1578
393 455 321
1519 1578 2783
2579 1778 1777
404 405 330
1937 268 269
1517 2680 1576
2782 1576 2512
1521 2782 1579
174 2040 1944
2895 1434 2202
1455 1454 2781
491 2876 488
225 229 177
492 2198 491
427 491 488
799 721 2778
798 2051 800
358 359 2203
580 513 379
199 2057 202
355 287 2879
1390 2720 2819
2190 179 232
200 201 2063
1078 1054 1198
2056 253 251
253 202 2057
2878 2879 2880
482 2083 422
188 238 239
2075 2065 2058
239 238 295
2066 299 366
364 434 296
369 300 296
298 2066 366
1996 1936 147
193 2069 244
2875 555 623
2074 2047 122
2015 2045 187
295 250 296
771 770 841
296 250 364
283 225 227
485 2086 443
508 418 443
91 125 90
398 461 455
551 554 552
601 525 593
2873 551 552
2089 327 265
463 464 462
423 484 551
2156 2290 2292
599 2090 533
465 402 464
447 403 465
466 601 534
204 213 255
311 314 1970
320 392 326
2093 176 139
176 157 2094
228 2048 229
2048 2093 229
176 2094 139
254 248 304
718 2095 650
418 2079 443
1397 1469 1470
2079 424 443
1398 1397 1470
1642 1525 1634
619 579 481
1319 1471 1401
2105 1320 1238
854 924 2806
1094 1024 1093
2108 75 78
615 612 2109
615 611 612
615 2112 690
912 1053 1054
2216 2113 830
649 768 2772
2148 2115 2117
224 2115 2923
2118 336 335
336 2120 335
2622 769 694
1949 10 8
332 333 408
912 866 2774
224 2921 2922
2132 415 343
624 557 552
98 103 49
2136 134 133
2137 132 170
101 2135 2138
2139 2140 2142
556 2872 555
2119 408 334
2120 273 274
235 2178 184
408 2125 2146
280 2921 2148
2116 2115 172
331 2924 2148
2149 222 2150
2151 2153 2155
475 2152 2151
277 2154 341
2152 341 2153
222 220 219
2077 2086 2076
475 2151 474
2151 2155 468
541 2161 544
2165 39 477
1429 2842 2676
2169 80 82
2844 2842 1429
2834 1356 2832
2169 79 55
223 12 2583
1054 2779 912
2171 1945 138
108 110 142
141 178 2174
141 140 178
144 107 79
1203 1199 1129
281 233 289
179 2175 233
2865 1355 1361
182 291 234
2179 2177 112
867 2778 2772
145 144 112
232 233 281
419 357 426
2196 2181 628
695 770 621
2183 553 560
2184 493 560
625 2187 558
558 491 559
282 2189 348
1568 1506 2853
2147 2125 345
331 2125 2932
332 408 2146
346 417 479
2191 37 415
415 2019 22
2017 75 77
56 53 2016
2016 2018 38
2173 107 111
292 291 235
1598 1646 1597
231 2176 289
2178 182 145
2776 2777 990
2178 235 182
145 112 2177
2775 2776 2886
1053 2775 2886
1568 2690 1506
2042 159 2613
76 109 110
627 560 561
2197 2185 2187
558 2187 491
625 558 2186
559 495 2199
2200 360 293
2200 2194 360
930 2026 929
105 2040 2074
289 288 290
2176 180 234
358 2203 356
910 988 911
2131 346 416
344 2130 2131
2125 347 417
2191 2204 477
2165 547 39
767 838 2773
542 2157 541
473 540 2168
1664 1712 1662
2761 941 940
2206 985 908
319 264 209
908 834 2207
751 2207 764
766 831 835
831 763 765
2913 151 191
2209 2218 832
2212 692 766
2213 835 833
2061 2205 2041
146 186 185
649 694 768
429 363 431
186 294 237
2898 2851 2452
498 361 362
2212 2215 692
2217 2218 2211
2892 1366 1367
183 2211 2210
2896 2858 1288
906 186 146
2013 263 325
1138 1206 1288
595 2958 529
2223 459 457
456 2937 2224
2226 526 592
1137 1067 1138
880 813 864
1165 1094 1093
939 953 880
2860 2202 2888
458 2230 2941
530 2948 2953
524 531 668
679 744 2235
532 464 463
958 888 886
1018 2237 1020
878 2239 807
1196 1197 1277
878 812 951
1749 1746 1747
727 666 2241
2247 588 587
587 2249 584
584 452 447
2251 728 660
728 2250 730
2251 733 728
1597 1543 1542
256 206 205
1977 125 124
213 1974 166
2089 329 327
330 462 328
452 387 388
1126 1057 2768
887 816 2236
729 659 2242
2257 449 515
520 2249 521
661 518 2243
1707 1708 1748
1621 1620 2853
952 1023 951
1090 1021 2260
1018 950 2261
2237 2261 874
1092 1164 1230
1089 1162 2262
736 812 727
1091 952 1088
1022 1021 950
2254 873 2253
948 873 2254
1313 2256 1229
1177 1175 2264
2266 1107 1175
1090 2260 2262
2260 1089 2262
1174 1163 2268
1252 1248 2270
1248 2271 1247
1329 2273 1317
1317 1315 2274
2276 1021 1090
1035 970 2276
2276 1090 1105
895 896 820
970 876 1021
2616 2627 2626
1177 2264 1249
2909 610 2282
2282 610 686
686 609 2283
872 945 2619
2287 609 687
2285 2283 2287
257 2294 2295
1226 2731 1227
1667 2602 1715
2296 310 380
380 448 2298
2297 450 2255
2297 2298 450
518 2299 2243
450 448 516
516 2259 515
383 2240 448
2257 2259 2240
384 381 315
536 519 537
748 604 747
729 730 2250
792 712 790
2303 897 969
2916 2903 2304
546 476 2306
1159 1226 2762
2309 758 689
977 976 2311
2326 827 2313
2302 826 819
897 896 969
472 470 409
473 2168 472
820 750 749
1337 1272 2315
1271 1266 2316
1194 1191 1255
1264 2318 1256
1183 1182 2321
1183 1257 1182
1113 1115 975
976 901 2311
2329 2328 2281
2329 1108 2328
2329 1178 2324
2326 901 827
2310 2312 2330
1033 966 2331
1032 969 2277
1407 2332 2334
1408 1333 2335
1251 2980 2333
2336 2265 2333
1248 2273 1329
2337 1529 1586
1331 1409 1480
2742 2741 2740
1473 1467 2342
1392 1464 1463
1465 1463 1526
1466 2344 1406
2344 1528 1406
2412 2345 1636
2345 1687 1636
1728 1771 2348
2337 1586 1531
1071 2628 1143
1466 2531 2344
1527 2353 1585
2102 1476 1328
1402 1396 1322
1641 1685 1640
1460 2735 1371
1458 2415 2725
1527 1585 1528
1645 2357 1689
1733 1728 1687
2359 1689 1690
1731 2360 1689
1645 1594 2357
1069 2766 1070
1899 2361 1900
1847 2364 1848
1848 2364 1619
1847 1822 1849
2365 2366 1882
1843 1822 2370
1568 1620 1664
1745 1789 2371
1678 2371 1789
1747 1820 1791
1748 1818 1788
1818 1749 1791
1996 338 1936
1564 1563 2679
1814 1846 2380
2378 1844 1817
1865 1882 2382
1865 2383 1882
2383 2073 1882
1698 2390 2828
1560 1550 1652
2387 1654 1697
1604 2391 1552
2393 1345 1347
1264 1263 1345
1332 2399 1335
1656 1554 1606
1412 1339 2403
2686 2661 1498
2406 1343 1342
1341 1340 1346
1124 1125 2831
1125 1129 2831
1550 1484 2409
2463 1061 2846
2411 1591 1636
2412 1590 2356
1192 2471 2474
1329 1330 2270
2499 1869 1872
1160 1086 2762
1085 2729 1158
1549 1554 2416
2399 1407 1410
2334 1334 1333
1334 2418 1333
1407 1408 1480
2340 2339 1651
1120 431 1046
2420 1553 1419
2497 1824 2506
1347 2416 1419
1483 2392 1551
1551 1552 2391
2421 2391 1605
1695 1655 1699
1605 1653 1654
2424 2323 1186
2401 2425 1262
1335 2426 1411
1260 1261 1262
2397 2400 1411
2394 2398 2416
2317 1045 1188
1258 2318 1340
1573 1625 1582
1257 1341 1259
1849 2384 1866
1868 2365 2384
1744 2430 1290
1813 2432 1789
1678 1819 1790
1747 1743 2433
1254 2405 2437
2434 1343 1339
2367 1842 1845
1695 1739 1740
1695 1699 2374
1739 1786 1740
2373 2438 1813
2819 1309 1308
1571 2758 2986
566 632 633
2757 1444 1509
2212 2209 2113
2754 2756 2599
834 985 907
765 763 614
1980 167 1971
691 2166 606
751 691 606
972 2442 974
2443 1191 1266
754 752 2447
608 2447 682
541 2158 2161
2687 1498 2685
834 764 2207
2453 849 785
1624 1575 2753
1056 1055 993
775 844 845
1124 1127 1126
1056 2846 1125
2454 783 784
1064 1063 1065
2373 2375 1698
2845 1055 1058
991 1060 995
2196 2455 2181
783 701 633
2465 773 699
2467 700 2882
629 2468 700
778 2464 779
2465 2467 773
2197 561 493
494 2470 562
1196 1057 1197
2474 1052 1123
1420 1486 1424
1351 2476 1350
1297 2813 1442
1369 1448 1379
2446 1267 2445
2479 2482 1123
1268 1274 2480
1203 1202 1285
2445 1265 1189
1122 1189 2208
1265 1268 2480
2479 2480 2482
2482 2484 1195
2482 2480 2484
982 980 1046
1046 984 2473
1662 2862 1568
983 986 1049
983 979 986
1049 986 2485
2440 2485 1052
1050 2439 2472
2474 2471 2472
2354 1637 1639
2483 1195 2477
1348 1270 1273
1348 1269 1270
2477 1195 1273
499 2486 2487
1697 1698 2828
2269 1830 1858
2752 1295 1214
1874 1858 2494
1610 2414 1561
1797 2509 1825
1364 1435 2511
2507 2894 2510
1570 2747 1510
1713 2508 1796
1869 1919 2489
1900 2361 1713
1438 1788 1502
2520 2524 1913
1795 1916 1824
1795 2508 1916
2508 1911 1916
1898 1914 1915
1915 1918 1824
1910 1898 1915
1280 1279 1285
2537 2548 1862
2472 2439 2440
2369 2367 2368
1895 1894 1908
1915 1914 1918
1914 2522 1918
1917 1919 2522
2520 1905 2413
2526 1878 1906
2368 2382 2366
2278 968 970
2520 2413 2524
1770 1772 1769
1649 1738 1650
2527 1891 2519
1812 2377 1841
1815 1816 2528
1814 2528 1846
1811 1738 1803
1741 1784 1816
1773 1804 1771
1861 2530 1833
1804 1807 1805
1315 1314 1316
1465 2344 2531
1477 1406 1530
1690 2357 1646
1595 1646 2357
1595 2357 1594
2533 1246 1103
1165 1235 1170
2674 1357 1425
963 1030 959
1779 1837 1809
548 612 611
2103 1476 1473
1736 2540 2539
2541 2536 1838
1646 1598 1691
1582 2545 1583
1668 2547 1624
1624 1574 1575
1907 1906 1893
1834 1862 1835
1188 2320 1263
2527 1878 1891
1812 1841 1840
1832 1860 2377
1645 2360 1686
1691 1692 2552
1781 2553 1782
1737 2987 2554
1810 1809 1836
1774 2558 1808
2549 1834 1835
1834 2557 316
2537 316 1838
1892 2548 2559
2359 1690 1774
1767 2562 2563
1582 1625 2545
2059 2058 307
308 378 379
1462 1582 1583
1311 1391 1312
1461 1524 1462
1753 2568 1759
2543 1647 1544
2570 1759 2568
1716 2574 1669
2575 1722 2602
2606 1714 1668
1890 1887 1886
1890 1902 1887
2526 1905 1891
1906 1878 2521
1862 1861 1835
1878 2551 1861
2525 1907 1912
2362 1867 1866
1300 1220 1291
1007 1073 1139
2533 1173 1246
1217 1216 2593
2533 1104 1173
1300 1379 1220
1896 2383 1881
2599 1623 1667
2702 2599 1667
1174 1247 2271
2570 2566 1759
1762 1755 1722
1754 1753 2576
1717 2577 1753
1755 1754 1722
2538 1634 1726
2608 1735 1736
1444 2746 1443
2538 1642 1634
2609 1726 2544
1972 97 1971
2609 1768 1736
2563 2564 2603
1443 1377 2589
1834 1808 2560
2556 2560 2555
2541 2610 1810
1836 1837 1863
1507 1439 1445
1853 1854 2611
2611 1837 2612
1800 2565 2561
2616 1013 944
943 2617 870
2096 2617 871
718 720 2095
617 623 2621
2621 696 697
25 26 1934
838 836 909
1085 1013 2626
1082 1080 1223
1144 2628 1140
1214 1295 1294
1083 2630 1016
1169 2829 1244
805 2097 872
947 1014 1001
656 657 2055
2634 2053 2099
2633 803 802
2634 806 803
708 2636 724
2641 788 853
2644 925 926
707 634 706
789 851 2645
2806 2997 2642
2647 794 2967
2075 2058 306
708 706 2650
2068 2651 435
654 655 2652
2638 583 656
2639 2633 802
568 567 642
2654 2655 850
2635 2655 2654
642 641 575
575 571 568
440 571 572
1672 1671 2657
954 881 882
1617 1615 2659
1564 1613 2660
2663 1494 1428
1628 2667 2666
2665 1675 2667
1661 1663 1711
1445 1439 1377
958 887 890
1823 1825 1850
1761 2656 1760
1495 2835 1429
2677 1494 2662
2677 2662 1563
2677 1563 1496
2680 2513 1613
2515 2660 2513
2897 2410 1000
1493 2678 2660
1380 1302 2682
1357 2683 1356
2683 1278 2830
1426 1425 2684
2516 2684 1493
1566 236 1500
829 904 828
2689 2511 2688
2689 2690 2518
1419 1418 1346
2505 2673 1801
1829 2673 2505
1794 1823 1792
1792 1718 1750
1762 1724 1763
1966 265 266
1765 1725 2672
2711 1455 1386
1372 2982 2816
2695 1720 1764
1642 1535 1525
1724 1723 1763
1855 2573 2572
2056 2836 2381
2752 3000 1372
1569 2745 1515
1830 1831 1858
1903 2699 2698
1876 1886 2495
1901 1885 1883
1762 1826 1798
1757 1756 2607
2495 2491 1874
1831 1611 1766
1903 1890 2699
1870 1871 1884
1293 2815 2981
2706 1384 2707
2708 1454 1453
2709 2710 1457
2711 1387 1388
2705 1305 1385
1520 2708 1518
2714 2691 2716
1519 1452 2715
2601 1570 2814
1459 1458 1522
2710 2415 1458
1516 1451 2723
2722 2741 2214
1680 1682 2696
1674 1675 2697
1225 2727 1224
1224 1157 2730
1306 1307 2731
1459 1460 1309
2601 2814 2732
2735 2732 2733
2710 1458 1457
1516 2722 2415
2736 1508 1581
735 807 810
1306 2731 1225
1677 1630 2738
2672 2696 1681
2742 1675 1674
1764 1719 1761
2726 1681 2693
1593 1688 1643
1150 1220 1151
1009 863 1076
7 12 13
45 47 94
54 76 1922
17 14 1954
1954 14 24
2918 2988 2919
2990 1986 1990
862 1986 2990
5 1948 1947
33 1946 1921
85 1934 88
937 796 2824
2087 66 1952
47 18 1957
149 83 115
301 297 367
366 297 298
818 2236 739
321 319 261
265 259 267
4 6 7
1972 166 97
204 1974 213
1975 215 266
1976 207 205
259 255 267
209 165 1925
208 313 310
641 639 575
1982 795 1983
1993 2942 2940
436 366 368
164 129 154
195 194 1999
243 192 242
302 317 260
523 2944 2004
372 317 302
390 318 317
212 2013 1965
60 85 2014
1936 85 120
22 53 36
858 2021 859
2022 2021 2023
637 574 640
637 640 1991
823 822 2905
2032 308 377
279 23 223
602 680 679
601 593 602
546 2908 2909
740 2826 881
881 2826 882
119 88 87
544 2161 545
609 543 538
651 719 2052
723 653 722
445 580 379
254 252 248
2033 309 377
251 2032 309
856 2968 2989
537 663 662
433 2067 435
365 306 376
1541 1596 1542
297 2002 298
123 122 2042
6 2583 12
250 295 238
251 200 2060
299 240 295
2583 2035 223
303 284 2078
424 2079 354
2084 482 486
2087 62 67
99 131 98
601 466 525
258 1970 314
1371 1309 1460
2049 157 199
158 2094 157
502 436 370
1233 1234 1166
2983 2815 2751
2102 1542 1476
1171 1172 1242
1596 1544 1598
1401 1400 1399
1321 1399 2105
1097 1027 1028
1166 1234 1165
1235 1234 2107
1170 1239 1240
1093 1024 1025
1028 956 1097
61 92 2134
70 2134 92
172 135 131
70 69 2134
2992 2138 2920
2140 2920 169
2932 2928 2924
2927 2131 2926
1210 1139 1209
125 91 124
614 691 765
1 17 28
143 1941 141
56 78 75
39 81 80
273 2144 270
2184 554 484
810 807 2253
290 357 2180
2186 558 559
2189 281 348
2189 232 281
2111 2163 479
217 2137 2141
2192 358 356
2178 145 2177
76 1938 109
491 2187 2876
562 2199 495
179 2172 2175
2150 2291 339
477 39 37
221 220 275
982 832 980
1722 2575 2441
611 2114 547
2114 114 81
2216 906 146
294 363 429
272 2145 218
134 203 219
1830 1611 1831
529 2947 527
2937 2936 2944
2136 126 2295
957 885 1027
2228 879 880
1100 1094 1170
2940 2941 460
2230 2939 459
2965 2957 2956
680 602 739
603 743 746
603 746 745
534 532 466
2090 535 514
2235 678 679
680 744 679
381 2240 314
93 92 126
667 2241 535
665 2252 2246
584 520 452
514 535 658
828 904 760
387 452 520
16 1948 19
20 9 32
20 32 31
1948 20 19
465 403 402
2089 401 329
402 403 329
330 328 326
2251 660 2247
447 452 403
1439 1507 1514
585 517 521
727 735 666
811 736 667
893 811 746
603 745 667
1089 2260 1022
2238 1020 2237
2265 1175 1109
1317 2273 1247
1035 2276 1105
1230 2280 1162
1175 1107 1109
115 148 149
1950 67 96
2297 386 2298
2255 450 2299
747 537 681
2250 873 731
2313 827 2286
609 748 687
409 2157 472
2317 1117 1045
2321 1182 1115
2328 1033 2281
2325 2901 1116
189 2615 190
2339 1547 1602
2014 117 115
1528 1585 1529
1069 2809 1142
1231 1316 1314
1017 965 1087
1687 2345 1686
2133 49 29
1530 2337 1531
2350 2351 1640
1245 1402 1246
1468 2352 1526
2414 1066 2451
2361 1910 1911
1000 2496 2451
1745 2371 2433
1790 1819 1820
2372 2373 1786
2808 1001 2766
1653 1740 1698
1743 2855 2389
1258 1257 1183
2408 1412 2403
1803 1812 2376
1587 1639 1637
947 946 1014
1591 2355 1533
1468 1534 2352
1405 1477 1478
2338 1478 1545
2461 2456 2850
2570 2569 2571
2056 2060 2836
845 844 2456
1554 1419 2416
1600 1601 1546
1785 1700 1694
2407 1550 1491
1558 1559 1609
1262 1261 2402
1118 1044 1116
1044 1045 978
978 1045 2427
1418 1485 1415
1813 2431 2370
563 701 2883
702 564 631
563 566 633
685 755 753
972 974 1038
1271 2446 1266
470 407 409
2447 752 682
565 2219 2851
1336 2437 1339
1413 1338 1412
1413 2407 1487
549 480 550
763 692 616
989 990 913
993 989 918
432 2194 430
996 919 997
918 2461 994
704 783 633
2470 2911 562
698 2465 699
776 2469 772
776 2455 2196
1350 2476 2899
844 777 776
1119 1122 1051
2103 1327 1328
1046 2473 1050
2734 1508 1460
1890 2490 1912
2795 1076 937
1884 1875 1856
2505 1823 1856
1666 1665 2507
1905 2519 1891
1109 1036 2267
1730 1772 1729
1557 1561 1492
583 2637 570
2527 2519 1880
1803 1769 1806
1840 1839 2376
1699 1693 1700
1776 1833 1807
1533 1468 1467
1687 1728 2347
1545 1589 1599
1463 1313 1392
1231 1314 1230
689 685 2903
1322 1396 1392
2902 828 760
1246 1173 1245
1088 1087 1161
685 2902 755
2104 1243 1172
1087 965 1103
2535 1836 1863
2342 2103 1473
2549 1835 2550
1804 1773 1807
2987 1777 1783
2556 1838 2557
2806 2996 2997
2521 1862 1879
2559 2548 1864
2552 1692 2553
1512 1573 1524
1112 1039 1042
2969 2970 2805
1397 1312 1461
2568 1798 2569
2972 2973 2810
2523 2524 2525
1912 1907 1904
2362 1866 2429
2581 1442 2582
1139 1073 2591
1216 1147 2804
1755 1798 2568
2974 1068 2977
1118 1045 1044
693 697 2624
649 620 694
769 768 694
1083 1013 1085
1114 1041 2427
1213 2750 1212
2487 631 499
927 804 947
726 801 2098
946 804 2640
2636 654 724
635 570 2637
2640 802 806
852 2647 2967
2410 849 2496
2068 375 510
571 637 572
568 571 504
2945 453 2005
275 272 221
1764 1721 1719
1721 2665 1676
2669 1661 1614
1663 1712 1751
631 1269 1348
1561 1557 1610
390 317 389
1202 1201 1282
2993 2221 2797
2511 2689 1437
1794 1825 1823
2949 2947 2951
1208 2858 2459
1725 2696 2672
1721 2697 2665
1802 1764 2673
529 2952 595
1902 1890 1912
2492 2699 1888
1888 1890 1876
1424 1423 1352
1488 1424 1486
1873 1854 1855
1889 1875 1884
2158 541 2664
2950 2946 527
2721 1307 1306
1306 1387 2721
2733 1440 2751
2732 2814 1440
2939 2943 459
1677 2738 1723
2933 2935 2943
1008 2026 1005
2484 1274 1195
2592 1218 2584
1444 1443 1376
1439 1370 1377
1151 1220 1152
1220 1167 1152
1210 1150 1139
1139 1150 1077
2747 2600 1510
2984 2749 1511
2983 2751 2982
2755 2985 2986
2998 2746 1444
1965 393 261
2415 2724 2725
2765 1371 2750
2976 2767 2975
1012 1011 1081
2776 2775 987
1699 1655 1656
866 768 2774
838 911 2773
1284 2847 2840
653 2052 722
722 798 800
2847 1354 1427
2707 1383 1453
1304 1302 1382
2770 1011 1012
928 2969 2971
1145 1215 1075
1077 2795 1139
1005 932 1006
859 852 860
794 2647 859
2024 933 2791
2954 2955 2991
2229 939 880
675 742 676
2963 648 2961
671 2964 2956
669 674 740
2952 2221 2993
528 2949 2231
2797 2799 597
390 389 442
787 2966 2648
2973 2971 2810
2970 928 2996
2645 851 2655
655 2637 583
1297 1296 1149
2972 2974 2803
2794 1142 2629
648 2963 2955
2999 1293 2981
947 1001 927
926 927 2808
2976 1142 2809
2521 1861 1862
1580 2694 2818
2214 1632 2739
2737 1522 2818
1446 1570 1510
1307 1390 2819
2551 2530 1861
2595 1147 2978
2821 1074 1008
1073 2822 1074
712 2031 790
711 791 790
855 790 791
879 742 813
884 883 815
957 1098 1096
702 703 2452
1318 1321 1239
1168 1236 1237
2579 2608 1778
631 703 702
1606 1554 2396
83 59 60
814 881 2234
2994 2958 2959
1029 961 954
1243 2104 1244
2829 1169 1238
1102 1172 1101
954 961 891
2104 1099 1169
997 923 849
1155 2787 1153
1078 1153 2759
2833 1357 2834
1852 2269 1855
1279 1203 1285
782 848 2496
1128 1130 1062
919 921 2458
1128 2838 2837
991 1059 1060
783 2454 847
2454 919 847
2851 2898 704
1134 1132 1065
2854 1701 1742
1502 1503 1438
675 2225 738
990 2777 914
1365 1427 1354
2866 1427 2867
2780 869 2631
2051 797 2780
482 487 486
487 482 2081
2229 865 938
1053 988 2775
988 910 987
1010 867 941
373 305 2064
2185 489 2876
770 695 775
624 771 841
226 2188 175
2190 173 179
359 492 427
498 429 497
2891 1562 1607
237 362 361
1053 1057 1054
1503 1367 1438
1659 2854 1708
1705 1707 2852
779 2464 701
737 865 864
2855 1709 1742
2895 2688 1434
1561 922 1489
2449 1349 2450
1608 1555 1558
2597 2796 1005
2415 2722 2724
1612 1607 1562
1609 1608 1558
1063 999 1065
1133 1065 1132
997 849 2410
2867 1436 2848
2061 2041 2062
1424 1488 1423
2450 1272 2900
1420 1349 2449
1132 1205 1275
1133 1275 2460
1187 1250 1332
1112 1042 1185
1111 1255 1110
1112 1111 1039
905 902 976
2904 2314 901
695 777 775
2196 628 2469
700 2468 2882
562 2911 626
2219 2452 2851
2688 2895 2690
2202 1499 2895
1499 2690 2895
192 1999 152
2037 2914 83
219 203 208
203 2295 208
133 101 102
278 275 220
133 171 221
337 275 277
220 222 2154
126 2136 93
131 135 103
538 539 469
468 469 539
747 604 537
2995 2304 2282
2995 2282 688
822 821 752
824 2905 755
277 340 337
411 2159 410
2158 2664 413
2 2917 1
2 1949 5
14 2918 5
2919 2917 5
21 11 7
1925 1926 1927
50 19 1933
31 1933 19
120 121 1935
582 581 650
1705 1659 1707
76 54 1938
72 51 74
74 51 1939
1658 2890 1562
1921 52 1939
74 1940 138
74 104 72
26 25 19
60 1934 85
1367 2430 1438
1949 8 5
1951 44 27
28 17 44
46 47 1957
65 47 46
40 59 58
59 84 58
1567 1504 1621
247 246 245
1208 1288 2858
1959 438 371
437 1959 367
1154 1153 2787
1965 163 164
398 455 393
398 2013 325
2763 1227 2764
259 1970 1969
267 255 1975
124 161 1977
125 92 90
1979 216 215
2716 1521 1579
2869 486 2872
130 1925 165
165 1980 130
94 67 62
424 2887 485
209 264 1937
128 210 1925
326 264 320
2707 1384 1383
713 1983 795
2968 856 2030
796 1985 2824
324 2934 2930
1993 2933 2942
1959 371 301
438 441 372
436 502 437
780 701 783
129 1998 194
1994 2001 2000
2002 297 242
1997 262 211
2936 2938 2945
2883 2884 630
389 372 441
438 372 371
1577 1576 1613
2884 2464 2468
163 162 164
197 245 246
324 2931 2929
2009 263 212
2881 778 779
1627 1676 1628
1225 2731 1226
1578 1629 2784
847 2881 780
710 793 2022
2850 846 915
859 2024 858
577 576 644
779 780 2881
638 644 576
377 379 446
593 2036 602
2219 564 702
227 1945 175
42 87 88
121 88 119
490 2185 493
122 89 2074
2184 426 490
2781 1520 1452
147 120 2045
491 2198 559
198 2046 249
2055 2653 656
202 2043 2049
283 230 225
2058 2059 376
2059 375 376
309 375 2059
2613 2043 2056
202 2056 2043
119 2041 121
160 2836 2205
2032 251 253
252 2057 248
377 446 2033
377 309 2032
121 2041 1935
2082 2083 425
434 369 296
501 567 435
2067 376 375
115 117 148
244 2069 2070
71 1943 73
909 837 914
697 2871 837
306 2058 376
299 2066 240
2183 621 553
2064 2078 352
2085 2868 2084
373 2064 418
156 2045 120
1643 2543 1644
524 461 531
1555 1562 2891
465 533 2090
2091 97 166
319 321 320
489 2195 2877
230 229 225
2032 253 252
801 2096 2098
488 2876 489
244 2066 298
1398 1470 1319
1961 162 1981
1171 1101 1172
619 618 2623
1242 1326 1173
1475 2102 1403
2105 1236 1240
1321 1240 1239
1399 1321 1401
1399 1400 1324
1323 1400 1474
1094 1165 1170
1024 1097 956
57 55 39
542 607 683
480 478 550
81 547 2114
407 2119 334
407 334 336
2126 408 2119
2922 2921 2926
6 4 103
4 3 49
48 1978 69
2138 2992 132
2121 2142 2140
336 2118 407
409 407 2118
333 271 2144
274 2145 272
345 2925 2928
2925 345 2927
2148 2921 2923
624 696 557
341 2149 342
624 2871 696
2085 486 2869
222 2149 2154
2149 341 2154
340 411 410
473 472 2157
411 2664 2159
548 547 2164
942 2631 869
470 2168 471
134 171 133
1494 2676 1428
13 223 23
1356 1276 2832
2867 2848 2866
141 1941 111
181 180 144
180 140 144
868 799 2778
233 2175 231
2172 2174 2175
420 348 419
628 2181 627
1568 2853 1620
1010 2760 1011
2864 1434 1435
559 2466 2186
226 2190 232
233 232 179
2126 2119 471
2163 2111 2164
479 480 549
36 2017 54
144 145 181
2178 2177 113
987 910 909
113 146 185
185 186 237
72 1933 51
77 1938 54
1622 1631 2441
231 289 233
2913 2038 151
2486 1121 1193
123 160 2061
540 473 606
1037 971 1110
1501 1566 2861
1436 898 2861
821 900 2207
1111 1110 1038
908 971 1037
609 686 610
982 1046 363
2137 131 132
762 2215 2113
2772 768 866
2853 1506 1505
1486 1490 1555
2859 1505 1503
832 906 830
942 869 2770
2892 2889 2896
529 2958 2951
1206 1135 1066
885 884 1028
956 884 2228
1138 1208 1137
2088 455 461
2953 2948 528
668 674 669
739 602 670
316 1862 1834
1705 1207 1136
2235 816 743
535 2090 600
514 447 2090
670 602 669
2238 948 949
382 314 2240
2241 658 535
1702 2389 1742
729 2242 730
2389 1702 1704
521 517 1967
315 1968 327
658 584 514
732 808 2275
2250 809 873
2433 1706 1745
1198 1196 1277
388 329 403
518 451 2255
588 2247 660
660 730 2242
2256 1313 1232
384 315 387
1967 387 520
517 585 2244
2258 516 515
727 807 735
810 809 733
2241 666 590
1017 952 877
1091 1164 1023
1023 1019 878
811 1017 877
1092 1089 2263
808 732 664
1229 2256 1161
1180 1179 2267
1395 1330 1329
2275 876 895
1105 2267 1035
967 968 2277
2278 970 1036
2626 1084 1085
761 759 2285
2289 2156 2293
310 2293 276
2295 2294 208
386 385 2298
380 313 383
604 536 537
2299 518 2255
1734 2578 1692
808 664 731
729 664 659
876 2275 875
2304 2305 545
759 761 2308
750 747 681
2157 409 2159
407 470 2119
749 750 681
538 604 609
1117 2317 1184
905 978 2428
1033 2328 1034
976 2901 2325
820 896 2302
2332 1407 2399
1109 1179 2333
1662 1568 1664
1479 1547 2339
2339 1548 1479
1532 1473 2101
1232 1316 1231
1599 2351 2350
1728 2348 1684
1776 1773 2346
272 275 2122
1639 1687 2347
1690 1646 1691
1664 1666 2510
2365 1897 2363
1867 2364 1866
1866 1847 1849
1847 1866 2364
2410 2496 1000
1665 1621 1619
1821 1820 1848
1211 1140 1015
1740 2373 1698
2376 1812 1840
1844 2378 2379
1083 1086 2630
2750 1213 2765
1622 2441 2575
1839 1840 2378
2851 704 632
2737 2818 1523
1560 1652 2385
1697 2828 1696
2765 1309 1371
1345 1344 2394
1262 2395 1263
1263 2320 1262
1482 1481 1411
783 704 784
1160 2764 1213
1225 2713 1306
2392 1415 1485
1550 2407 2408
1803 2376 1811
1637 1638 2353
1533 1532 1591
1409 1331 1405
2383 2380 1846
2103 1402 1327
2703 2705 2712
1382 1383 1304
1549 2416 2417
1417 2417 2398
2718 1382 1381
1419 1553 1485
1419 1485 1418
1649 1650 1601
1600 1649 1601
2416 2398 2417
2837 1201 1128
393 1965 2013
2761 1078 2760
2403 1343 1414
1249 1334 1250
251 309 307
2319 1045 1118
1417 2402 2397
2397 2402 2400
1188 1263 1256
1154 1079 2759
1415 1341 1418
975 1040 973
978 2427 1043
1343 2434 1342
1415 2392 1416
992 1059 991
972 899 823
2458 920 2457
985 834 908
2206 1051 1048
916 917 992
2445 2443 2446
2157 2664 541
471 2168 2167
2668 1500 236
1413 1412 2407
2454 849 923
913 845 918
844 775 777
920 992 917
1064 1065 1133
2456 2461 918
2462 995 994
2199 562 626
2467 2465 700
628 699 2469
1274 2475 1352
2476 1492 2899
2478 1192 2483
1548 2340 1482
984 1046 980
2473 983 1049
499 1120 2486
1121 2486 2472
631 2487 1269
2487 1193 1269
2269 2491 1855
1903 2490 1890
1874 1876 2495
2460 1282 1201
2501 2500 1884
1851 2503 2502
2501 1885 2500
1823 1870 1856
2502 2506 1824
1130 1061 1062
1285 1202 1284
1898 1896 1909
1916 1911 1910
2520 1908 1905
1918 2522 2517
1077 1151 1076
1881 1844 2379
1009 1152 1026
1880 2379 1841
2524 1917 1913
2525 1912 2490
2366 2382 1882
762 611 690
1880 2519 1894
1880 1860 2527
1784 1811 2376
2378 1841 2379
1700 1784 1741
2372 1787 1815
1650 2529 1694
1290 2430 1367
2396 1651 1648
1811 2529 1738
1811 1785 2529
1699 1700 2374
1772 1730 1804
2155 342 339
1805 2530 1832
1532 1533 1467
1464 1392 1396
1686 2345 1645
1395 1329 1317
1232 1313 1316
1245 1328 1327
313 380 310
965 964 2532
963 961 1099
1836 1809 1837
1540 1595 1594
2087 1950 66
1779 2539 2540
1692 1647 2543
2543 1643 1734
2544 1726 1634
1714 2577 2546
1864 1904 1893
1860 2551 2527
1221 1302 1155
1691 1647 1692
1781 1782 2555
2554 2987 1783
2557 2560 2556
1775 1776 2346
2346 1732 2358
2553 1781 2552
2555 2558 1780
1767 1768 2562
2565 1853 1827
1717 1759 1756
1153 1154 2759
1514 1573 1512
50 30 19
1635 2545 1670
1397 2100 1312
1854 2573 1855
1904 1902 1912
1854 1873 2580
1379 2744 1391
1832 2551 1860
2551 1832 2530
2550 1861 1833
1904 1907 1893
1304 2787 1302
2592 2584 2594
2597 1004 1072
1508 1570 2601
2575 1623 1622
2567 2574 2604
1623 2599 1572
1611 1762 1765
1798 1826 2044
2591 2584 1139
1754 1755 2568
1715 2602 2576
1798 1755 1762
1634 1583 1635
1735 2538 1726
1779 2540 1799
2859 1567 2853
18 24 1957
1853 2612 1827
797 2051 798
579 650 581
962 891 961
1160 1213 1211
1404 1403 2102
1294 1215 1145
1086 1160 2630
513 580 2034
803 806 802
2632 2634 2633
804 802 2640
2642 850 851
954 955 1029
853 925 2643
2646 860 852
2967 794 2966
510 375 2033
2033 375 309
1515 1513 1507
2639 2653 2633
634 642 569
787 2648 786
568 642 575
439 568 504
440 572 370
1673 1672 2656
1760 2656 1718
1750 1718 1710
2657 1710 1718
1710 2658 2670
1752 1794 1751
1751 1712 1752
1030 958 959
1857 1859 2671
1430 1496 2678
2660 1613 2513
2233 2959 2957
1564 2660 1496
1430 2684 1425
670 814 739
2688 2511 1435
2689 1501 1437
1618 1501 2518
1365 898 1436
1857 1829 2505
1801 1792 1823
1760 1801 2673
1763 1725 1765
1681 1682 2693
1633 1630 2694
1720 2697 1721
2671 1766 1802
1372 3000 2815
2180 281 290
2699 2492 2698
1831 2494 1858
1717 1753 1759
1877 1863 2580
2853 1505 2859
2981 2815 3000
2705 1385 1388
2708 1520 2781
1457 1458 2720
2703 2712 2713
1521 2716 2717
1390 1307 1389
2725 1580 1522
1083 1085 1158
1537 1536 1471
1440 2733 2732
1371 2735 1373
1581 2734 1523
1458 1309 2720
2744 1379 1448
1513 1573 1514
2737 1459 1522
1523 1460 2737
1725 1763 1723
2738 1633 2693
2693 1682 2738
1632 1633 2739
1721 1764 1720
2564 1635 1670
1593 1642 2538
2026 1008 2743
