1.57972459211134 -1.67830804629192 1.89392435049786
1.25998883133623 3.09359062082009 0.487300840291492
2.28432258718123 -3.06594793177224 1.98155505770615
0.828416277793339 -0.000362829748936805 1.346132539451
3.55289796182737 -3.98350495063404 2.85208203515809
5.66754412181554 2.31724453033192 -0.1243004884472
0.914680157534773 -1.52796313200771 1.88820964171295
4.63064126854114 -1.6228880732921 1.57591243877594
2.96052489912712 -4.32895369934289 2.67033492552305
5.8366052401332 -2.27149324708497 1.04491050941409
1.40416051798698 4.87875571441964 -1.68117827745809
5.92803835226385 -3.87134846251579 3.80146753226298
4.3725846190697 -1.60689415471572 1.35333955600909
2.46564198045541 1.62685707242605 -0.32907206402986
4.00618373821554 -1.43151279046554 0.763595546202862
3.78135178561717 -3.67079995377567 2.85560108882182
0.252209467105325 -2.74997217889101 1.94565035584744
1.52268259602882 4.48244593754928 -1.09856471357971
0.882139773065745 -0.415418313061049 1.40016536156644
2.48527652924879 -3.55860485380377 2.13621954226568
2.23933893262567 -0.221124287910432 0.414981920039971
2.10793126825459 1.41227877633876 0.405537466366748
5.45751922907475 -3.17225506450464 3.44937223400439
3.56271243502106 -3.61418184380278 1.99475158324435
0.868734064473185 -1.60619389473739 1.91964343204565
1.81199691381066 -1.65818677003922 1.58937772142588
0.0646556664648241 -0.108963803659414 0.15732737271395
1.11146297611367 -0.90917513395049 1.6175443793155
1.16465794790565 -2.17047146836183 2.70219164332037
3.80800787666416 -3.6949377619506 3.06367151829106
5.34735227095195 -3.07195987919433 3.52888258757987
1.94260334179897 2.8435304982054 -0.0295615324663388
0.735065436643073 -2.72585168902265 3.7937998041007
2.1060833139184 -1.09752586493785 0.817634165068732
3.9532298289809 -3.50566730964047 3.12515284824656
0.687432216450915 3.5335879111599 -0.173950354849546
2.47969573449854 -0.553591237589599 0.0333682210484656
1.63369172345447 1.54550861627134 1.02620358073207
5.90207654415405 0.213965028649992 0.156319925178946
3.66615848473267 -1.53621510348385 0.308502053159986
1.83538537885245 -2.95912155834668 3.97303466511801
2.43515904384272 -3.88785728935999 3.42722186955169
2.9911077896352 -4.53756818905251 3.44836966301304
1.23053513751311 -1.75758628153771 2.16892935689607
1.17376152833729 -1.84839251687963 2.28768980250329
1.84246306851351 -0.191707403797689 1.03491176876573
4.48878210843605 -2.24866263513481 2.02556410336516
3.05429637180537 0.411493316538812 -0.586939960572367
1.39146723972555 -2.07184769865671 2.45143221763813
2.43240347129941 -3.87451171372132 3.37354348165478
2.20410054758262 0.467512036573899 0.436482714478885
5.57934374652767 0.120995842676468 0.63169531237006
0.227525282424884 1.34991138173513 0.297957239818254
2.94017568329012 -3.93246726668105 1.69047396929651
0.36885918219835 0.85045681617378 0.697261164108694
0.376358935082337 -0.0494436877676144 0.789559098816301
1.80610072760047 -1.92155562732698 1.79853539716222
1.22598575733764 -0.238406419860519 1.4579577790213
5.84059914523742 2.38457324525237 -0.467410456632734
0.172410395709192 -1.19338773048445 0.599196655732144
0.733966195195267 -2.74284961691109 3.95180832410924
3.80990677547566 1.04132385219221 0.0577837781669594
1.77793617590202 -2.49837224212125 2.55668924256629
3.74961870114148 -0.417575703161036 0.133898910216522
1.63884014452074 1.0211881176215 1.1537165683186
5.58621581794732 -3.21179571889891 2.96359725125509
2.59647389085222 -3.55767047719553 1.77829514407773
4.04031288551969 -1.18560247634656 0.711912631436511
1.11050894859168 3.19854792219887 0.419680209337977
0.0446889881443794 -3.68261905115525 2.74187110017262
2.18845483433677 -3.36658118771534 3.02629332834967
4.78972678436563 -0.657149847486883 1.20665942329718
3.54724891093038 -1.63878259306838 0.185589434545592
5.76514956103983 -3.4208488338799 2.81003170417467
5.4889900189693 0.988079465344664 0.636768151278301
4.40249749099911 -0.336211852904235 0.957283981282319
1.3489428634629 -2.43826344244062 3.26302934140514
5.21348468503986 -2.72581938608938 2.75741610315917
2.77911616275271 -4.02352928909376 2.14780551986094
3.09212389457071 -4.28598471603715 2.45861239098996
2.31442176841587 -3.34715745575874 2.37212861548694
5.45798515431566 -1.71283829198772 1.27418980662413
2.57349275277834 0.248654131284844 -0.17549023148201
3.89722300152348 -3.64271320130503 3.41332285464442
2.58403587568096 0.0422958456487979 -0.180073861968582
2.27221347373875 -3.05970705342959 2.01046959973656
3.84085765963605 0.160695097229063 0.225810179483516
0.228366879247582 0.351798335029695 0.500040158901723
2.16633149930818 -3.42885818564792 3.47064378999209
1.07487790480562 4.2317658058033 -0.561566490615068
1.21189320455387 0.407860874473128 1.4250604569044
2.20567975894448 -3.4883277100301 3.42509812014323
0.379203422988963 -2.20314964651649 1.68080011992511
2.2896731379618 -0.0521799569774291 0.319881245060359
1.19917017413803 -0.4649059379856 1.49842171112774
2.28177324075976 -2.36173983969337 1.19695724182637
0.74799254126592 0.799761511258878 1.211213657509
1.74895264963924 0.959671854136006 1.04128106563674
0.20058768524064 -2.81492176127558 1.84875598905153
0.934072888802816 0.918828530765926 1.31974197342806
1.26544304082006 -1.60933374099155 2.01917300074894
2.4001820848734 -0.337202943996964 0.141978094377872
0.474817029450273 -1.97567628746972 1.66945607578108
1.91619480898959 0.428479511303918 0.906931862501131
2.44967591987419 -0.47324850520696 0.0745398878162798
2.08794961097342 -0.336875809209741 0.674788669420923
5.30501827707207 0.5951027711416 0.892339038235482
1.84512733307031 -0.740973099521359 1.1232855547286
1.66883857719664 1.67788133296925 0.942566703191902
1.19007722088246 -2.35878047628514 3.04874544649613
2.32626804471321 -0.45121664835728 0.28510351365018
2.01880167886086 -0.0777359254690065 0.777013770802593
0.722788928878079 0.687868144713249 1.2034872097914
1.04593812329629 5.23346689084442 -2.51786489563557
1.08699819061825 -2.35241069927185 3.00799043064898
1.25573223534431 -1.10675539140751 1.73173671028123
3.69291917000452 -3.9587217557115 3.80762426812443
4.34783676439899 0.433700899743452 0.860884382143123
1.09482988148369 4.34612086087517 -0.717218986843289
1.81963776031469 4.00884644481993 -0.916967714651838
3.23913430746015 -4.44342845009522 3.4206856979557
2.61819024879871 -3.62767590937068 1.8205260208965
1.63509594211411 -1.59448205336595 1.76476178308991
1.72577945164261 3.09737401620229 0.128685124192231
2.22254613375436 -3.5578791410957 3.77879487155625
1.41038847989907 0.479460652568797 1.39455392029122
1.97759202060107 -2.50037595665223 2.0709585140227
5.45674599620678 -1.73920891619265 1.29229123344136
2.33875101239477 -3.48303648021447 2.56969430142783
3.5476004899227 -3.6819257115913 2.08180348410936
2.71584879356132 0.822545537612821 -0.471670994210402
0.258351468752492 0.304985889747802 0.563630372075234
5.46288944277177 0.267664823316935 0.763547178405995
2.42421455573738 1.47323992994584 -0.192912354227469
0.591958079926762 -2.70116302148043 2.96793378971339
2.00850247231563 -3.19616861153022 3.73669841784353
5.42182614966185 -3.15594861214064 3.6229793707355
3.1340684637049 -3.8538393127178 1.59012507480802
2.1844838304884 -3.15338084714383 2.4839300388235
0.208658761683335 0.318316873850824 0.460685719995968
0.0723875994074662 -0.907280263863547 0.282070891200198
1.52224229489801 2.63625033211139 0.642793259199782
1.56725763698901 -1.37622476845211 1.70507107911054
2.55533299743115 -2.0879424413862 0.431972065181976
2.37384664912336 -1.57886217791493 0.515321601691798
0.300623212998859 0.480230936465742 0.624524127270612
1.56268298242422 -0.360538051040448 1.33460178853461
1.99571664074669 -0.349197945318077 0.826135241082725
2.14406610075004 -0.390984821584673 0.592594603552137
1.61393666632393 -2.45932869804238 2.84854071164134
1.84511954528831 -1.81614507177417 1.64013914891651
0.365169843263824 -1.54068489574403 1.16023779118211
2.61284141248444 -4.21255198572053 3.73874531956186
0.172007017043057 3.59351637135325 -1.47122698718735
5.69716759342504 -2.45931477768995 1.48509853649468
0.554898766924512 -2.93547944114002 3.97600081498732
3.76877514624786 3.01554291315092 -1.17749239262782
0.872792632962635 -2.05288792860681 2.35932915295556
5.24100561673236 3.83090209499189 -0.823450014099148
2.04976856670694 -2.33090498112692 1.69774182366502
3.81243731934409 -3.78493331584304 3.62581438672599
0.939434442848435 -0.778043097793211 1.53965595780012
1.75376516903276 -1.65961884871149 1.66982871424526
2.33646145049201 -3.67991649694528 3.2272649947825
1.31367137483179 -2.53330095442897 3.71595622831757
2.25127985154349 -3.55447551435294 3.34903541302283
2.03696729120387 2.06267333695293 0.270252875800546
0.806876784935046 -2.62179529518173 3.48429951312918
4.26978152270278 -2.86251613778016 2.57584327595776
1.72895345984193 -2.5540616876691 2.7694426995007
2.61342488465088 -1.33443491880805 -0.0058224225378482
2.97292196558591 1.44356060804446 -0.824265830692019
0.675202320317077 -2.79654456602019 3.88147591176275
1.90626294038133 4.13694039107209 -1.30671608361675
5.76615741494845 -3.61771527532922 3.91993624897077
1.90655391632418 -0.675831688923976 1.01661317825654
0.448304164646585 1.05682171331334 0.78914777146062
2.20899063928077 2.34894782667029 -0.21287984959537
3.1978077527175 -0.0313380678631351 -0.486029808987411
1.70625898362722 -0.687457311509494 1.27056698474096
3.32691376867754 -4.3724459946917 3.48989997835355
0.0121177868359806 0.236375583917607 0.0176941294870178
2.3761613134311 -3.55755138275083 2.58356757205747
1.73766059631076 2.93338718327273 0.232262902221523
5.85476214414206 -3.58238494522982 2.87369263279346
2.2853768389657 -2.98584400546151 1.85912692470029
0.0377264517801324 -4.01848891534971e-05 0.0881599170740798
2.18729784974576 1.4012277689307 0.267379017968802
3.12828797770026 -1.310077020106 -0.357225984108837
2.2154192370676 -1.9353440070053 1.01986638872285
4.61389761735483 0.467419167035456 1.05948618238153
0.926251941974326 1.92872694587328 1.02452427481769
2.08946876902648 -0.28173900712915 0.670500777535426
4.39797600421826 0.503099150717868 0.901735521863811
1.05006695404895 -1.9813092849641 2.37798897830227
4.93198247533041 0.194044235128519 1.10867802581059
2.5425433867525 -4.06652656603436 3.40543708518201
0.429348653568488 -1.57714279248829 1.3113553867615
5.35234001343448 -3.10443257314396 3.69278597892729
1.58159800936668 -2.21160325501524 2.46181275181272
1.96452192552047 -3.10057426315659 3.50643127287628
4.54763620871313 -1.13757484334058 1.26844666514255
0.485713534794973 -2.75395935652283 2.72231792418306
2.30578907234095 -3.54686001103771 2.92476983525028
0.295902131546328 -2.37026136529377 1.62564095486382
0.44497699880887 -2.93041446482008 3.02256632228749
1.38139293135425 -1.40476511128267 1.8249131232711
5.73937471069469 -3.56827326034522 3.73184012871267
2.39733154223851 -1.33173036263626 0.370310407909339
2.47578640996803 -1.68257162322775 0.371570414375372
0.499459900706597 -2.99494237557128 3.59876382569438
0.551979983277998 -2.79077295134781 3.05024716034757
2.27703109309805 -3.5661959610697 3.17320990188821
2.87355199760015 0.499558006642492 -0.567104176030036
1.71686889344685 -2.77229134579945 3.51522000548266
5.32998001738325 -2.19979270199615 1.82424090454074
3.63454226862642 -3.81382182763665 2.66040528868005
3.55166398506441 -4.10540000263838 3.42287336526319
1.65677308339481 -2.18683219403765 2.30258256867961
2.87381326519346 -4.52124374108474 3.97234147114598
3.96569884792832 -3.56263517461554 3.50409188706932
0.774297012434151 -2.70306679789642 3.97536513547276
1.89841890055759 -2.20234507983887 1.89368663434488
2.37064128522801 -3.74702602674602 3.26595327987135
5.78619203903249 0.942665615086612 0.237140226928728
1.9324881441666 -3.0903947473397 3.83465351884229
0.691171487047534 0.820872820312821 1.1540967138361
2.44143831307934 -3.86029897567931 3.19969243834348
0.0426797306396322 -3.88442256485866 3.69477421083761
1.55531828218517 -0.921764768310459 1.49975034754684
2.84517354667472 0.0739334958099519 -0.501039466915705
2.96930236962534 0.717119535501237 -0.630548593448108
3.38154997520219 -4.2844107021043 3.29542336569165
0.929468532521667 -2.55542121570943 3.57908895594772
5.56693978014293 -1.82139845598278 1.19085375617507
1.08465554749491 4.1941801665043 -0.510981170127038
2.25146317833845 0.62165173256572 0.335456039515746
2.22479220870195 0.645271047122216 0.378825161767733
0.561018123893999 -2.26659013989093 2.14541740685643
3.78917949420825 -0.235728106143867 0.172802590938674
5.40501797463894 -3.1698532789303 3.95361372554351
5.98698370978148 -3.34678725504614 1.85427262897042
1.04602475584625 0.654145573962596 1.40512088318529
5.05636984339287 -0.43516721260524 1.11795510349922
1.5008185104664 -0.630536340195524 1.43116012689529
2.29566172214309 0.180210970287852 0.299741846473836
5.9306129780562 -3.83678896378317 3.40207872955149
1.81962412551677 -0.410354632674284 1.08440251805475
3.71674605425802 -3.88286538592353 3.36132209016559
1.5923766962884 -0.416134523379522 1.32512078768698
0.212386907196595 0.621660897621409 0.433657229744771
5.58448370951011 -3.35731644633857 3.72004082633862
1.79518235933731 -0.956591893351824 1.25346484084508
0.132267324494309 -3.68586708806283 3.91120688372149
0.513499930039424 -2.94209590600287 3.43564324666246
3.07362083277646 -4.36273098656883 2.62537252185726
5.5757795178625 1.12177424129316 0.500936230118875
1.72090654166655 -2.63045443655114 2.94766443252105
3.00266573373827 1.82874262185581 -1.09239913308842
0.701061574413604 0.394666831828375 1.21223559630609
3.09066162241776 0.744638617661445 -0.621781831706319
0.871997839009828 -1.37488553417219 1.77127873551851
1.28035407960993 2.19405851792658 0.992340492281284
4.20759567048882 -0.93771913805465 0.852820635095527
2.51340005184621 -0.562608532910038 -0.0226893130871989
2.20098936709671 -1.53092080061064 0.822394336064657
3.76637914165346 -2.93676254392645 1.48424556441542
1.96655123321821 3.68007747131112 -0.839851786716331
3.37751690203817 -0.308095958612958 -0.338249271110813
1.30582378232445 -1.55711427999637 1.95786657271286
4.87380171470455 -2.87489325292666 3.99606128916572
5.61588996846292 -3.41120313156535 3.9555627203911
0.495767581427106 -2.33767113123793 2.08282667225138
2.4179976996073 1.2610731136076 -0.105887327326882
3.78274332936516 1.59892832981296 -0.170377588204583
0.85286309994083 -2.17635416459827 2.52104452187156
1.15396886430719 -0.496671142074398 1.50640845384323
1.59042694744225 1.78454313483364 0.984880638486171
0.298797266499067 -2.50176438921002 1.77536033170418
2.88383120002345 -4.46112966585541 3.28489690608183
5.01473509921571 2.61699385946262 0.364311677247619
1.91014200906638 -2.99046095560355 3.34327444524546
3.53815329813073 -3.95452744966045 2.68910074436305
0.436852735594176 1.49952368563698 0.647999663597852
0.566030408343976 -1.97035863153966 1.8402650825169
2.63398906378429 -4.16837100794397 3.13860821891262
0.39745588337332 -1.60734476446104 1.2633428164314
0.405870414676387 -2.5386823782072 2.12061481214594
1.00778974946461 -1.75560383702606 2.10356507283383
2.55225176472935 -2.38245924689805 0.631409111183109
1.33733398843465 -1.46810753031572 1.88260727060072
4.85935279091878 -2.80771253923317 3.4574050474324
2.69841518335845 -3.62204331515525 1.60186221262353
1.96693880228595 -1.99287010256777 1.57385104225958
3.08570214967989 -4.54914184150596 3.57341526995411
1.1747968961712 0.27453701392056 1.44033208590425
1.39187051407616 -2.51806409014725 3.51624573057085
0.436575354693366 -3.08492918237953 3.61628362866221
3.51225668921507 -4.16069314928146 3.4723203624298
0.84601798402643 1.41742797449175 1.14468763420558
4.12058989943164 0.74283137103899 0.54765140342013
5.464360341056 -1.60510489586692 1.20409187769145
4.06946502220531 -3.44443848106091 3.76073636167938
0.607705300938866 -2.74018472044205 3.13165987659753
3.4529513304328 -3.9576183738816 2.41583780163839
4.25621871935119 -3.17463553455524 3.48741489282081
4.34118391899269 -2.7487300980608 2.51872149603661
1.40032133943029 -1.52978104745906 1.89431417493406
0.523247231659478 2.2361400867052 0.482557009711563
4.1049233094537 -3.36567445519788 3.49580005147401
2.45753877336194 -3.88679952832845 3.19214232199083
0.873576368428807 4.83828495880465 -1.68160200938159
2.07321757001774 -3.19798777272546 3.13343224353923
1.61393666632393 -2.45932869804238 2.84854071164134
1.02744278693138 1.22001672772823 1.29401255166049
0.115667160084502 -3.69563313827825 3.55020792954755
4.15121964194442 1.43235764891341 0.421586829290875
2.2286905033986 -3.40960465148148 2.9273187068789
2.42272380599416 -2.12076773206287 0.715319229172205
4.65952448633193 -0.435619032358864 1.13954261189929
0.877444724430385 0.808699205459518 1.30331855392292
3.49471762712304 -0.210879106403994 -0.210804248466345
0.964794789459872 4.78018779318571 -1.43484257361886
5.93737087372494 -3.88063679749607 3.67676819824784
2.54161732596311 -1.77882336382221 0.295854985382383
2.0087905389085 -3.19113185287269 3.65264980732859
3.80009266235026 -3.76476325815529 3.34683894056363
1.05342731288208 3.88442841447399 -0.176179443376016
1.9607833537151 1.53710621907454 0.605953972833657
5.5303459934474 3.36626117251712 -0.736513192459092
5.64170392546944 -3.33696958608314 3.16579124779171
1.96142031978175 3.06684833156313 -0.235379650147258
2.14507770660897 0.782872269910908 0.495333125793669
1.14653503990756 -2.4482474510306 3.35050115204262
3.34954001704465 -4.37652378207895 3.92929102503166
2.32285800614087 -3.73755299775632 3.94925980473874
0.652181032797001 2.50760705295507 0.526945675049785
4.35396592566356 -2.68691348756812 2.44207966107744
3.3024910452234 -4.36069521057196 3.26085956296333
0.743069798122425 -1.31350859190468 1.59839440837356
2.4607746246363 -3.9143880471621 3.30369794510629
5.18230648128356 -2.98321470416144 3.9208628816207
1.00979156414146 4.51328884403699 -0.962533893989557
2.02111824931528 0.962732887115038 0.66796148524733
1.36673223974385 -1.42575977276707 1.84406288288822
0.281059231200283 0.144363746540523 0.611024253559313
2.34507764421922 -0.380693736288619 0.242383562435461
0.892013180361343 1.42947178584962 1.17300755371128
1.2469151753285 -2.37790661983034 3.1006397258052
2.35621667249678 -3.31877095523058 2.15432434544207
2.57634581988206 -4.11872076762739 3.39066287745591
2.60170688588098 -4.12999186398118 3.21201502591292
5.38406638095516 0.463578032374194 0.82953858074922
2.04059434551224 0.152182401948886 0.731649315950563
1.97905226503431 2.22260898168671 0.289991202192674
0.489683058764488 -2.98367738025356 3.47790760638365
3.25205789565008 -2.98989519068075 0.68525879867983
4.93702967537383 -2.74563178014162 3.14979513252383
0.459623126245539 -0.999196099811788 1.09386125274708
1.55050103751808 -2.66274319040008 3.80875820676486
5.80046946585356 2.04437096077066 -0.205730697722624
0.693119362543092 -0.671821460762397 1.30019559592056
5.3488608722132 4.63666380221894 -2.45842564656531
2.31026510328046 0.685691434103855 0.225436169786788
1.28766573844587 0.25657737321597 1.44363926320691
0.676655857902815 -0.430252855577719 1.23879903203028
0.260794377411259 2.42994816266391 -0.124466773076982
3.08337786754668 -1.42514669094482 -0.332264068195117
5.77482499494575 -3.42462459405481 2.7798387412758
1.87511411781802 0.595092034380803 0.944463476953396
3.50362825378682 0.997680343344348 -0.343289482966822
1.24955849992305 -2.50093805828081 3.52319756407133
5.59713165669621 -1.95088362763496 1.23170363233979
4.71995714807751 -1.34323701946781 1.44600455096809
5.45648437091234 0.504016355592092 0.74915561548982
2.07619711432228 -3.11906736710574 2.86755752118008
1.57760662911377 0.667638284929391 1.26587259382051
5.42469204386767 -0.497772181696325 0.854045113021071
0.897530027649027 2.9647847657434 0.481588628634353
3.36622628747088 0.946054893398903 -0.475571730897659
0.783018473136347 -0.000554825892430417 1.30328079240529
0.885723976887738 -2.49897625429406 3.24067733324232
0.683529337806694 -1.04183851720581 1.41949023341836
2.84434792702515 -0.333850824851916 -0.473145920505898
1.3692123061509 -2.47780586658988 3.39710181556284
3.63075553684835 -3.61046680617362 2.17547174173811
2.20815158814987 -3.06279563144911 2.22409049274092
2.96224574524868 -3.59405080570093 1.23467521636112
4.70589902565783 -0.0863638695293363 1.1089199478881
4.2223616905626 0.505816880165225 0.710070271291902
2.49175503691231 -3.05595622364723 1.37894783772542
1.11151222184235 -0.235697904521058 1.46181116376484
1.50616001916822 -1.95803041822086 2.24835653495257
0.824718875468297 -0.171579904100936 1.34203625479874
2.21466419284258 -3.12586087880165 2.31976385505905
5.80957400529797 -3.61742619674333 3.32353925381775
2.3130170156939 1.87903863685282 -0.160742067883279
2.60438345363741 -4.10851664265061 3.06975518109772
1.98271820116144 3.97144881626923 -1.26047739646571
1.21123580797483 -2.27742169233762 2.90133906520413
0.721413183034367 1.88646199922665 0.896585078888112
2.01196368229201 -2.67223463317103 2.20974045804594
2.24174180625475 3.26938191715312 -1.05711117927894
2.11664777228314 4.32708229092184 -2.40837061827086
2.36985622872565 -3.76721709142572 3.40380614862925
1.96969019581435 4.10251494888621 -1.42338886185829
1.64642452719984 0.911689164871113 1.16637094072427
2.4392969532589 0.770349755936903 -0.0179511471130908
2.33162086683992 -1.25206070428964 0.463717477912696
5.78006989598839 -3.0599220920675 2.02962268601584
4.17886325879574 -3.16656895212202 3.04020909378525
1.73267533115869 -2.77166701282474 3.40110275404102
3.54785808527562 -3.65272013307654 2.02508437564521
2.2519370702676 -2.88651393122815 1.82388312760467
1.4938992389781 -2.52610229266651 3.20892068043394
1.843944884462 -1.68315919890135 1.5515222345981
2.27677804373445 -2.56852874967737 1.39644784548247
2.38558686059412 -1.30474287863602 0.382756343043389
0.0492065744787201 -1.47812956371689 0.410800041158372
3.75641076997847 -3.86251794102764 3.63288936386193
0.75801033312365 -2.50824051570296 2.92936488538175
3.09516444447713 -4.55199419114768 3.71340300693254
0.591295878456401 -1.91248942987477 1.83070693767256
0.378037300672144 -0.746153895917176 0.881413795288804
0.930725662785985 0.763485171741848 1.34598177441403
3.59999377694151 -4.07603150079582 3.7357208744732
4.52498000068272 -2.96572413588403 3.70857471232921
4.76653276464109 -2.87969971389749 3.91073081293724
4.13651419308377 0.479073767832561 0.603984152629571
1.46586173264418 -2.52442388799184 3.27030823829236
5.85035625278168 -6.92137889074817e-05 0.24571901163272
0.619606180642108 -2.79013702763244 3.38039383465359
4.4277727395645 -3.02248201459817 3.69038288407491
2.58325289457094 -3.95501544877 2.64830850882374
2.16938981302472 -3.44221929420227 3.52429850018591
1.39916552190557 -1.13891528759169 1.67331167933618
1.61844827515547 2.46540018906681 0.66208926538071
1.49268379319296 -2.594088359676 3.52111677242001
0.526431021778002 -2.9717544655686 3.87048699404402
3.24872954593068 -4.4194626437005 3.28279739849466
0.146961993523427 1.4112408660073 0.104649475219918
2.62526023123355 -3.82758036360859 2.17535731811816
5.45702218084329 0.167445299856937 0.772910172980772
0.576085169607747 3.5873167798733 -0.389436396587467
2.40189678968205 -3.52512404252663 2.39381514968231
1.29140724839219 -2.55049217306026 3.93669823595472
1.27253877205598 -2.46978572436702 3.40249000205713
0.201115314787844 -3.53199331856539 3.76413707749525
5.59493451981505 1.46530295590176 0.370488850006157
0.498730971621283 -2.69085917881067 2.62680423161647
5.99152408110474 -2.01260426848951 0.564559819941044
4.29231288422512 -3.17516011149857 3.97641685663192
0.269427266298127 1.52311617021876 0.328384847081248
1.49725400638645 -2.01181884279918 2.31282337047367
2.69125726561192 -1.99691164502722 0.14619760347225
3.9686276535194 -3.52426269884466 3.31585432943208
4.0172813301252 0.465815526865237 0.445163326199324
5.27134057773518 -1.30585328508978 1.24961068063295
0.188386917906916 -3.5594082329187 3.75380818795395
1.66940367400228 -2.14081920008243 2.2309993661692
1.66211147035152 3.03511734673729 0.26744059921317
1.43510789947942 2.16415079842897 0.941336421857975
0.972597413140398 3.56058823018433 0.0668026486521404
1.23514367323152 -1.27854899849672 1.82070300067477
0.428780556060334 -1.43228695685736 1.22900600857696
0.304024096885338 -0.181845026445872 0.670227855033596
2.7261718179912 0.627518536202735 -0.420739103063145
2.96977391670271 2.68455618182886 -1.85921823243586
1.79230109762364 2.62502103056637 0.357231723440997
0.333330879942751 4.31759371787419 -2.12210985293014
0.46133010467511 0.899214735557628 0.840750825302779
2.36613784705039 -3.55026664877616 2.61300098099322
2.34251210674223 -3.07520392089486 1.81393901124649
1.81111541377449 3.87240611303026 -0.731354378376267
4.66884825431608 -1.88269792242343 1.79166583019302
1.05502251431586 -2.53807097265295 3.72777084692302
2.58731363335542 -3.94242896928306 2.59457771794839
0.484056540171042 1.25246098092221 0.799436009464494
0.107830141518375 -3.69731327756927 3.41197971238879
4.31503453411112 -3.08063515569505 3.35136512678647
4.88813465329245 3.28301940621465 -0.0446581738815787
1.85240511144038 3.775205483998 -0.699666815068811
0.0759613527532515 1.36135113549453 -0.0502142234627936
0.478275390979335 -0.388429619109729 0.975609764333922
4.94859659863638 -2.8030620239982 3.39139656919096
5.55881854885894 -3.31406987006729 3.61621838563754
1.22798715411789 1.38013167389251 1.26115826035469
2.62206635486382 -1.90337413987903 0.214900729886081
1.75727387872271 1.60604083594889 0.864312311253262
0.718925277675924 -1.15674565073114 1.50280196445893
0.326913343094104 -1.77747374765869 1.22198987582057
1.91251352398408 1.24593723350742 0.766904461770192
2.48488028769245 -0.205150345607029 -0.00959462470626722
4.97978830304319 1.55278268259131 0.85994415281986
1.80543501751532 -2.35214681876148 2.25874361431382
2.52897656312382 1.00336837032067 -0.224795299467408
3.43194457313613 -4.28513306260386 3.97191215808206
0.555919386421526 -2.82889788560906 3.18485224292778
2.36263572915598 -3.78066997703584 3.57222736195774
3.94878952023102 -3.5858936692572 3.50113353175089
1.16312395076134 -0.250446627125833 1.45886433131391
1.76416234105219 3.66850897590612 -0.428812387290587
2.52548460187349 -3.75488057037502 2.40632864050392
5.69590887717884 -2.18431538162823 1.24306703764169
5.69569436702138 -2.03266104547358 1.12621631544662
0.500434508327967 0.0283879117279289 0.98013286977014
2.56028187269327 -4.00682616165954 2.95446665696473
0.930018712443633 0.700323902546709 1.35161537877312
0.274983084189403 -3.23132994804061 2.96449518850909
2.85774919848557 -3.33762103227161 0.976147444977589
2.17562601533745 -3.47286469114904 3.71675520505124
2.39744269084159 -3.14272222927194 1.74527065316875
5.97363247746566 -3.78242410213314 2.84260628762043
5.15273959099809 -2.91975771697669 3.48172546077583
2.04194884009479 -3.09915587057985 2.98883993032566
5.83911451816315 1.00792960535578 0.142233544438999
1.95212904637292 -0.714656624618339 0.95667559819801
1.58436610569513 -2.68596972898958 3.62636658082914
1.99283627006055 -2.78371434980391 2.46262645006988
2.72409166026452 -4.13062275919584 2.53207386392084
2.05582045895762 -0.386905605420308 0.735098300158287
5.19250944723473 4.18831866690516 -1.24053405610714
2.0251493440139 2.01569664105938 0.3118069928402
0.460726494355151 -2.36600828876131 2.03706842997107
1.87673697300237 0.485067078702513 0.955270245813503
4.85119664070752 0.347513241622769 1.10304705730931
2.22280218546229 -0.355969096781752 0.451322143388401
2.76230264957274 -3.30858088537842 1.06409363926441
2.36959213209365 -3.80651920129811 3.68123256601883
1.825302936608 0.737501238990126 0.99663148452743
2.54197369073629 -3.22731661388583 1.45477472881514
0.325933598417145 -1.47053148049336 1.04811343647137
3.84868599721151 -0.43294722159677 0.270025453392981
0.780974979717015 0.293596953050372 1.28139422686053
1.75840414831901 3.50280896508092 -0.254274995806714
0.950409363068977 3.84350666364167 -0.2114934721908
5.28693668940384 2.52886151685149 0.239667176389803
2.97623726363535 -4.51416191824924 3.26881393535915
2.32315654514084 -3.57622451973633 2.91715441737382
2.05419580675087 -3.27073307922679 3.83011054952364
5.55054524456462 -0.0279778235308318 0.675592633990356
1.71430480434383 -2.55132874403606 2.79830461079947
0.86016749928139 2.59030097737984 0.687350927728348
5.62709906836168 0.175469890037042 0.569028301367302
0.0420882178034183 -2.1020828287217 0.716452532684611
0.680459873002788 1.07205268732748 1.08714061640626
0.710696043522711 -2.54131293288256 2.90913769096083
3.47112083262527 -3.57865594061096 1.70893231967282
2.32408277790476 -2.40045873934831 1.13493697607945
5.87725070418036 -1.54129379459489 0.532479926616659
0.204409079468203 -3.52044133065637 3.68039462917532
1.75859078087209 0.0478672138391606 1.12322257628033
3.38476211750126 -4.33626573992698 3.86964519369947
3.45804732727703 -0.66743337783518 -0.204272512509667
2.23215733893527 2.52410297267777 -0.376795176043411
0.529825580158333 -2.23791840141019 2.03803717479938
0.362482253415551 -3.22184893400945 3.6786192686837
3.93516209017181 -3.39381033866591 2.69803381484091
5.51680303831226 -2.94981300377087 2.55342365198299
2.0200271754211 -3.17081828996752 3.40003335046037
1.26536788053956 -2.21839252645969 2.78020992597606
5.99098986393014 -3.956079408365 3.54097373328896
4.25117540957342 -2.43864285349885 1.88679178152201
1.62045052115411 -1.32648122818954 1.61258825900187
0.397285263825465 -1.50920924962658 1.20798982618781
2.36905306797637 -3.78737270584611 3.54163973100785
1.16838237841484 0.968839251670891 1.38205137596831
1.54809057975594 -1.64595084583655 1.90909827091539
1.52196249523121 -1.58979203393362 1.89194157589813
0.515422397752965 -0.369377877285123 1.02392943690628
1.19535813483687 -0.601611829015455 1.53096061713123
2.43078713512263 -3.37788756748825 2.00410807277543
1.81830985177128 -2.46378272493521 2.39680290160987
0.939355271400163 2.70028627306098 0.687974055233349
3.09931792262256 -4.54355791589152 3.81195846695877
0.148813179275919 -3.64730244165892 3.83783838590643
4.14131128687784 3.41203766943427 -0.862179690270075
0.240606145663867 -3.44421039152879 3.68012218392486
2.92105542395659 -0.786475034313876 -0.48022616708351
3.61154116969261 -0.932700002665576 0.0399443614026998
5.5397578807145 1.63383530910633 0.379854739804818
2.35500567848822 -3.7201933869576 3.27344783701976
1.20908738231579 -0.573232645301579 1.52713834704286
1.72724298931375 -0.0312294401547322 1.15808284432047
0.388831024617407 -3.19524803926848 3.99977269883649
3.77546057095969 -3.66975933584041 2.82405159487886
1.75388087684835 -1.71212090275594 1.70613158179762
1.40738707837586 -0.992172637780604 1.60485484869144
4.39677816489954 -3.03382284356935 3.58314104187324
1.85994153076712 -1.68226718611387 1.52378488849527
5.93636713562408 -2.9515371922918 1.46326987952978
0.205569077961232 0.756277775271241 0.399594501953048
4.00754099951144 -1.19988008439868e-06 0.459619819724694
2.97271536033548 -0.427346100042696 -0.524097745406837
2.04107947004343 -3.11470431763263 3.04194844788994
1.90819375139858 -2.35304829325515 2.03918304315667
3.96843545673139 -0.272706588166322 0.41895463914566
5.54106833441389 -0.43413912245334 0.712512464254699
3.46307363707918 -4.00222703293428 2.55981414791958
0.100572785115574 -3.67554787346954 3.21388853302931
1.52344426099373 3.56141716438483 -0.0124136646233609
1.95408994280313 -2.96956129752165 3.02588062093415
1.42569984910421 -1.34246056025765 1.76750410859638
1.80348503144213 -2.50368683292062 2.49894582921516
0.512721501294484 1.09488477501376 0.876586674907562
2.05176200002954 0.877086414041994 0.6374232918223
2.37491542162327 -1.03007554767802 0.310894415516031
5.53920528404904 -2.42679524519634 1.7437577957662
0.018921876426092 -3.62990509564037 2.43434054975865
0.495701457227373 0.334820950296035 0.960191156042777
1.49035497978996 -1.05877178672047 1.5922044916839
1.01585051047904 -0.737728157881481 1.53895008463869
2.84498489166281 -1.68665040231663 -0.164859686542816
1.77714136817507 0.0583036069400507 1.104286426335
0.145738361004371 3.9933548704177 -2.30971435337131
4.59165109039167 -2.36026551778979 2.26319664063073
1.23197197539739 -1.92398544277399 2.35099006238797
4.36254612648456 -2.73805315891461 2.53907343022776
2.20411154108049 -1.99613885709962 1.08610800455249
3.29296011711279 5.24890657739685e-05 -0.440812089706175
0.279675942567761 3.20323257840082 -0.678397706320644
3.59845776477999 -3.9550108452506 2.95430375828629
1.69742271044586 -0.285783610332269 1.21544378819797
1.21297371702187 -0.627318669632998 1.53782026371061
2.44680287792072 2.865946472527 -1.14708640009391
2.19520185408105 2.01273334448693 0.000980340800287527
2.93863915526737 -3.61943758715097 1.27684582300183
2.52137745812975 -3.83488655936614 2.61489005458961
2.54536600878198 -3.60819718022941 2.01550044133165
2.15929924214269 -3.45517607423593 3.8930866878471
4.65506605057362 0.398377389717876 1.08465993110223
3.97424558365284 -0.0499053569278276 0.41639007257822
2.88614935062753 -4.531910585065 3.99899045066594
4.97223858155134 1.68987497772667 0.826370274160474
2.27550486377924 -1.33699814400762 0.594921311995643
0.38228224863169 -0.415424116576804 0.828597835315519
1.06181509987017 0.160757008872962 1.44727190137272
2.0983692298434 -2.14967150154884 1.42210743972528
0.812210743225118 -2.60384398023678 3.43207868892844
3.92473335338805 0.386393125903486 0.327915261203137
3.3547557144019 -4.34861848426124 3.54229417977658
1.19569700795554 0.434232184803498 1.42296984625996
4.49286161701197 -2.97860448009705 3.85037185366582
0.700130134641421 -2.09295707600293 2.17154983087372
1.94633318897126 -2.2253981389297 1.82814725740012
0.99254164651508 -2.11645672579581 2.52702561121187
3.60227140754896 -2.50483424504691 0.775138929431453
1.46658810935262 -0.0801319862105239 1.38454911479371
0.113778654656147 -3.70832039485523 3.62959714657131
3.67226368144732 -3.31708411743072 1.77798345238515
1.27861144536172 -1.26393662084393 1.7915104298755
2.03071025716673 -3.23770140639592 3.86804867497859
2.60398457920959 1.30379301974177 -0.445183061415104
3.5198984970964 3.14022949676969 -1.84964442567607
1.95952394930161 -3.14091940452418 3.97725792382883
0.378805700360755 -3.16995705002354 3.52159990273493
0.283398360042457 1.09890504987883 0.487436140876422
1.09577131800236 -2.54003512011615 3.6792362249354
5.79161424706558 0.744717488477853 0.265772412810783
0.34598488833208 -1.40536714649381 1.05544417550209
0.59575460666172 -2.23808793322449 2.19028998299086
0.037718462782104 0.703471559974763 0.0250216332844511
2.27407347029028 0.901874497872759 0.246193972015954
4.75044853050892 -1.8874158133329 1.81010762810946
1.0275751055493 -1.92546564867822 2.30158940138499
0.392968138294227 -0.520560484300455 0.861825073579349
0.0313880923640596 -2.23872679319218 0.777460685507429
2.45407885361312 -2.44713522810333 0.882885942230417
1.93345996632301 -1.11734883599 1.11521891271644
3.03107742992897 -4.25370107602598 2.29124893550803
1.88886741405192 -2.46825395109474 2.23147065086608
5.52142243335035 1.32783128341594 0.509931173016774
0.350064832878246 -0.0472403549415234 0.748035996575838
0.316902432343386 -2.1439612194131 1.4676343563256
0.955497971260069 -0.980417723905307 1.61736838884192
5.9691255239676 -2.36258887957307 0.841105426795369
4.5901354234504 -1.66684882515203 1.59621213798287
0.130325617695816 0.597403572268863 0.262528452038012
1.69090471427528 0.144862689570819 1.1950162920318
1.83935246430569 -2.95923748167295 3.80849416949589
2.77629582700415 2.77127606447683 -1.75803112578906
2.54599494436832 1.08221468024983 -0.27655960139914
1.35637152336751 1.42643079119937 1.23613580589766
4.97736054168846 -0.951012945017623 1.25300492573879
1.12620827134611 -2.4305497227789 3.22017125211607
2.52883232410685 -4.03370198064605 3.32827660112228
5.14462748722295 -2.32949749700873 2.18072817807236
2.19878624014131 -3.01792330158072 2.17950502381803
2.11937880226295 -1.72332360569795 1.08222609938067
2.78600962548599 -4.0977404894942 2.27953718637149
0.40785410510941 -2.71485881090139 2.39597445899652
0.00826536258368152 -3.90833490725601 3.25103640009381
1.25039115925168 0.305802112865505 1.43621821600975
4.04894474279339 -1.10289672141467 0.696600715181131
6 -0.602798128429927 0.0505198717522527
0.412180136273333 -2.89219806608374 2.75428363392171
0.91652692095753 1.45276845108207 1.18468037823842
1.56400397605465 3.25191100351006 0.193828917407572
0.444347262599058 -2.61619417344142 2.34919816282151
5.8636094195641 -3.637250340555 3.00188722667387
0.54028437678519 -1.35358633421726 1.36321111526904
1.27382365506035 -2.2617829478849 2.85170064619683
5.86483384990705 -3.65457417446606 3.05455576543648
2.25758386753402 -3.39314289727317 2.72909078943457
2.48571321509678 -3.96162593453733 3.32008533508953
1.46360693144253 -1.72304827125585 2.02879253825538
5.94362097352115 0.557864573247767 0.0508132096974683
5.74568187043799 0.496554292767746 0.37808293194397
0.684900072455914 -2.76176156288813 3.66059873787348
5.31192333520136 -0.0586483223452614 0.927242385511448
5.27924133474502 2.37121748602882 0.341521773480506
1.29919689684262 1.60875249003205 1.21194803035236
3.4331073203255 -2.25260240710798 0.350085515063179
1.35963477001679 -1.05383356222092 1.65588185952848
1.5945288982648 -0.613094575118359 1.37350270757812
1.93618947498016 -3.02077112574095 3.30050401951367
2.30787894395712 -3.69417617350284 3.62603316165355
1.82850075590809 4.75679256528065 -2.32793425985313
0.450606866821192 -3.08659025619451 3.87385015632548
1.21093495774191 -2.53795414844899 3.67323872686371
1.01589411402723 -1.62416941278869 1.99689762129529
1.07693869448636 -2.15741247254924 2.63714034788927
2.54788988805599 -3.76812765566019 2.34818264703932
1.03810664454789 0.0517403613838728 1.42923772599615
4.57217639056752 -2.68669292298636 2.81799510127384
3.75596653263551 2.98689681863011 -1.17158414502663
1.77372176388024 -2.63970304860277 2.83084254679254
0.376994032173005 -3.19537760603342 3.68885400392835
1.64652798748271 -0.782685630837756 1.36285530844711
0.764488820615222 -1.44548115781909 1.70288147403772
0.839764191658972 -0.809968208632864 1.46767837498689
3.53835857344586 -3.90910379559863 2.56275501942074
2.17100810309938 1.67052782056719 0.199488159129635
4.73808913792185 -1.40789380515467 1.48717061858354
0.803276874601573 0.0514197546442903 1.32458500420677
2.96214051207071 -3.98560286995155 1.82928636131727
1.10066533838727 -2.47062635253308 3.45173332845873
2.09392228357431 3.04641582250629 -0.488370291648592
2.74139381534946 -0.401282546165949 -0.388470759235206
5.54618678182549 0.800389459307405 0.602011285532191
3.54667685002248 -0.689174081667849 -0.0993428274125036
5.12515879806093 -2.62405479292925 2.63665441142647
1.02729885117308 -2.28231889871411 2.82125573728623
4.48448523624577 1.14106528059349 0.859556200607675
1.88144445271869 -2.88096126472906 3.10957132111335
3.85615601673662 -2.44539146525021 1.16725752681742
5.58068053794004 -1.89944631700352 1.21991442504261
3.33520620399554 -3.36552787729576 1.19396385868468
3.31947411664304 -2.88186882694264 0.674942485270572
5.61981805517404 -0.884604420552691 0.702056231608107
5.18287519368205 -2.83942618227453 3.09905885253434
3.10618555200625 -4.40340303401835 2.9379104326752
0.54347828146119 0.615302612556318 1.00054635406229
0.915205884710129 -0.888775244877835 1.5650838822315
1.92126897891389 -3.00839291580096 3.36751481697729
3.90122544189319 -3.6563316551716 3.55927225141701
2.08951767428035 -2.82246265462387 2.21019844533172
0.57389476641746 -0.56016799927641 1.13892558374804
5.50914444756504 -3.27717233394175 3.93312784556771
2.14523048867615 -3.41443296657975 3.64688211009731
0.374464196984553 -2.57137460151664 2.07139921660641
5.66575237536501 -0.180703251196631 0.529318469865944
0.997866481984711 2.60459911885238 0.761595226812381
0.399349375255888 1.99813029472703 0.390728360012882
0.509765189196474 -2.38042076055618 2.1679702069702
1.84372495775961 -1.78975930212376 1.62178553096886
1.85880740786493 -2.7730007177558 2.88093283657397
5.98562565423459 -3.95199668187847 3.57255871531503
1.74317547379318 2.36640901368874 0.565845695928761
1.37202203367855 1.23123422482625 1.28158334374904
3.72442100903208 -3.89758113773911 3.55807955042819
5.97253199007558 0.538543813906055 0.00513376534528838
0.405112172539777 -2.70182034495113 2.36698491615147
1.52509853345061 2.66257118463921 0.624976948040778
0.355656349549907 -3.10365490596935 3.04579885852257
2.47040515732178 -3.97892153603686 3.68955557029539
0.257029771387497 -2.62102740370706 1.79372557972776
1.6788723567451 -2.56629752220245 2.90988659618531
0.647184368906196 -1.35547960104694 1.52582484715596
2.50209808959898 -4.0321661449976 3.67320073204209
1.67247911063672 -0.187391370617512 1.23192966990421
4.16383405005006 -2.97354473558693 2.49865424162444
4.71201865028678 0.224873616313495 1.1143514425025
1.34371116139783 -2.55732005569003 3.85262014940914
2.9565276219161 -0.531175330933375 -0.544052194458215
0.857361971682162 -2.63304785299821 3.8375106998452
0.765727536908556 -1.39798659672073 1.67455528837487
4.77669873160768 1.11529137362025 0.990331301465967
4.1579225747712 0.128289673103348 0.653942882401689
3.7578288121575 -3.87069849070724 3.7718653293116
4.07911391034367 -1.50014046195871 0.899806534569994
0.0776248960645119 -3.80866002205069 3.82527372334846
5.54740090618611 0.29272567950565 0.658941270351077
2.48087220140999 -4.00223674355667 3.79809832204774
5.56843751597983 -0.940781140515951 0.782107957170838
1.63300461545718 4.7688850623016 -1.79467286860908
2.32470203048149 -3.70071392747225 3.47995377247791
2.41099753284311 0.157246752207554 0.101301348709363
3.22569374137297 -3.53321683211236 1.24655182296379
0.146562622428494 0.13359426927599 0.338140363255074
3.89073765583909 -1.71054850653571 0.72228378242078
2.98399260221849 -4.40434432881063 2.87431760008973
0.705418443665141 -1.44768219277047 1.64265413546107
1.59175419876735 -2.1885994781709 2.41255564729021
2.29192374821494 -3.24379546293875 2.2524469949975
2.06255826398322 -1.67142102285543 1.16170003029139
4.46109037595884 0.656191462726405 0.934138122016329
1.30183002959044 -2.44174345455 3.29030444805297
4.30886411770186 -0.996906837393921 1.00372949197061
0.0867447248840576 1.81095642901402 -0.206676345848839
4.00839897622787 0.0706062775691069 0.457974106878363
5.51236527895783 1.67807059198056 0.398111742215346
3.43104343952923 -3.58134307680411 1.63466448775103
1.03285433886142 -0.229090221540054 1.4612001819694
1.86202270852616 0.261050207064614 0.989104326188082
1.05864490335845 1.36181709225777 1.28653450882959
2.49053003375143 -0.996722065686608 0.102189516501145
4.6460249702137 -2.40581388246055 2.38899988678667
2.27975771893376 -0.972493731544818 0.468077554572568
5.63677038428632 -2.76461230846333 1.9516319060603
1.26164317476588 -1.98796835303362 2.41568124141506
1.9236061329366 -1.70531046043065 1.43082916012447
0.357341464423045 -3.0624528945435 2.92776756397203
1.72763250027507 0.961021063848052 1.06503979786468
2.26395412314133 -3.41452344182407 2.75276057976356
1.9540871734433 -2.93895875242624 2.91926988861372
4.62480525901867 -2.02800768328815 1.92186412571861
4.55714733923839 -1.80589590687793 1.68169072384232
0.274983084189403 -3.23132994804061 2.96449518850909
0.372322452182967 -3.20592764881876 3.77261054642856
0.689441738745226 0.0508682452990856 1.20553085565728
4.31092564300861 -2.96929114171492 2.91863908916982
1.77071693189606 -2.55929562934252 2.68220621596393
2.66604469052527 -1.39687488762927 -0.0719120307917265
3.86140128926366 -0.749255692793315 0.337696498284337
0.482300519190725 -0.157947074520598 0.965786116309902
1.40170097400685 -2.12649929980319 2.51799370633242
1.71739147128953 -0.530316813953378 1.22258838549433
3.61238504677009 -3.75499934215808 2.431199311039
2.4280524473229 -3.59293911737432 2.43682654869013
2.22071633632394 3.36864384099291 -1.11675990960916
2.37857174148675 -1.36003676487039 0.413993291693077
2.02040144987833 -3.00283781946191 2.81485911112603
2.15642120653975 -3.26709560888035 2.88228103260237
0.191669903285425 -3.38489473442957 2.88746628428796
0.909052970530974 0.873479043778319 1.31972121048398
1.40924647590916 0.102661521825599 1.39895470564008
5.5099785913514 -1.94868248498373 1.36543892996074
0.761182126729601 -0.593944328262281 1.33939005153621
0.774757119675981 0.636784638985405 1.24520248351851
2.40798490497705 -3.61193374027619 2.57326127206
4.67097892517388 -1.94915673849411 1.86221873795933
1.92184369777682 4.2171590058224 -1.47972444678253
0.672276540679846 -0.59686231646758 1.26674658706821
3.31947411664304 -2.88186882694264 0.674942485270572
1.73393196731307 -1.60933100461077 1.65834791507927
5.43145144022588 -0.905623094447874 0.944788583915249
0.948411574556436 3.12517386489669 0.404122057671594
2.02563929991247 4.6247948479965 -2.88274362560744
2.54723903991756 1.45914825157363 -0.410054139826325
5.85297301983302 -1.80530581515706 0.709956749480295
4.64307438110166 -2.32280569278849 2.25716993189848
2.86846643079964 -0.149856306273766 -0.521056894837508
0.854333204454657 1.26455585020286 1.19560663591657
2.18385505676426 0.171785665072526 0.493248680394012
1.49851944275218 -0.908273204301613 1.52242008700839
3.16253829359559 -4.21237820461192 2.38763630427368
4.32895263029597 -2.65809953628837 2.3384117904665
0.828648395915389 3.14560836441042 0.292817524331263
5.19520616236159 -2.85631385696139 3.12343485470271
0.269910180106863 0.85547398020984 0.515156153150708
0.00900801429179536 -0.586665985366301 0.0690897076514747
3.58158665518846 0.341913357601028 -0.123008553612652
4.05374950932591 -2.90939797569673 2.0996978643968
1.64053653344525 -1.32679506368987 1.58878651425261
3.99292516139547 0.389572302630834 0.420402449909033
0.0859029194031695 -3.68088653588824 3.07584738548701
3.86110148266284 -3.70068119939066 3.46231261341092
5.58522419810237 1.05817638385898 0.504790413321434
4.86896533504158 -1.13371398542995 1.36873399326661
3.87830025835922 -1.33733343980176 0.53470295409563
4.02964406284281 -2.54631092408442 1.58821248506462
4.94722164864844 0.632071675221829 1.09130899574232
0.143567108166281 -1.38230658691672 0.61120489557026
0.704698440011512 0.0297137374495362 1.22117987533891
2.35869207268746 -3.71338268250102 3.18782882796395
2.71865881699604 -0.350250627282503 -0.357586823265673
0.623513107759094 -0.562766184424085 1.20718146827473
0.599318020969675 -1.71162843615708 1.68284947930945
5.9514444051061 -3.25592546129729 1.82086000507634
4.75058094922269 1.24168117210888 0.956865151505057
2.641202192819 -4.17438738254406 3.10807341537863
0.264266763891601 -3.13136294088074 2.64925532970639
1.01146811615102 -0.869625633011067 1.58585706813507
1.87548921716388 -2.64636226215388 2.54365195591923
1.87747809379001 4.94636457714264 -3.45155618409264
0.60282944292537 -1.08042837474226 1.32623312191823
5.0765296887883 -2.90946728707935 3.79778908086949
1.31246461816573 1.8506311116719 1.12571731845808
1.36058329801897 4.40601201854318 -0.805755710213061
5.07324372444592 -1.30791842909125 1.37856950287815
0.235037140800583 -3.46756201694662 3.84743716943433
4.97866024790298 0.0311296746188125 1.11801923706324
1.12422779242857 -0.49902125152828 1.50349135488043
1.79371700320551 -2.85722547465933 3.43584048241826
0.571171123750538 -0.340716065469087 1.0964326921591
2.45462730549491 3.01762861877143 -1.32324575903011
1.0662922908287 3.16373436073769 0.440867746535974
0.848983574356284 1.38485739344549 1.15340939190355
3.24491383373793 -4.24502292990586 2.60860141995367
3.34230119465534 -4.17430895665701 2.65024566521222
3.11487161312806 -3.61367472585456 1.22413565236358
2.67410950066978 -4.31695938221186 3.97218336975552
2.28816319475702 -0.478410969741928 0.355182573111409
3.98563146493063 -0.0996879293276111 0.434143609540419
1.59055624439127 -2.69432270514938 3.68215410232417
1.39208434966991 2.79831074583958 0.632584241755578
1.92645912117991 1.0820914943912 0.788164147067789
1.8436477193968 0.735623042244388 0.970539843648138
1.13647224571016 -2.52528995697457 3.61576680533565
5.23073465835617 3.38192773681138 -0.336672155187511
4.04608768691481 -2.51923033737708 1.5917740904127
2.223955277331 -3.09200126759281 2.22001536558915
1.76845044205634 0.577452344265662 1.08501978621248
2.69227054685332 -4.25641208516233 3.17310496091783
1.41167978431515 -2.11248145823198 2.49386695964921
3.35661980547783 -3.74474765920638 1.7631158426821
2.59184264932972 -0.960523593030773 -0.0778885008912496
2.72040386052165 -4.36950515590336 3.77910649148917
0.326046132038478 1.48601600324487 0.453271076119494
4.12047637073567 -3.32807524740281 3.38950223935257
3.85639053131302 -3.7466962799318 4
2.57023499748444 -3.62136616528992 1.95819752849597
1.73828384713894 0.387028886432223 1.13619395197474
2.0492709864227 -2.57920204806891 1.98020686860546
5.81847847631943 -3.32572867163726 2.37663484421289
2.1123630021088 -1.0423142562199 0.786161941963309
0.760500898644916 1.06673640939565 1.16890255830994
0.921701142771549 0.338408365821569 1.38003700819356
2.32825641355467 -1.41682175640622 0.53074560806052
1.97202292255187 -0.263728339316783 0.860034368857662
1.79857466234673 -2.02520568044736 1.90157892039095
3.68687827164205 -3.87826673744166 3.14136912241497
0.0936701749055542 -0.907264301789255 0.333053997829711
5.23661112090322 -1.22568859642995 1.24573289960098
0.81455506734691 -2.57064793729906 3.29712381882015
0.366189885768188 0.0840590288157375 0.769140088010495
3.74390361427441 0.225534707794638 0.0913495075492002
5.14101950125169 2.02896719097953 0.623133532585225
4.93741782669528 -2.87425337164893 3.63407976599079
2.01016370072993 -2.94219612554626 2.71754939672984
4.26432016436815 -3.12612766502425 3.30140412735165
4.07700475245608 -3.43272319628816 3.73196871395249
1.90267912675825 0.137862861056539 0.939225957426902
2.15087611962787 -2.97895715565201 2.27671879301374
0.788903348166893 -0.50191114813883 1.34200133130822
2.57161244043525 -2.66906274148663 0.813351604662606
2.25460015088459 1.8922391093535 -0.0547818171898828
1.71686889344685 -2.77229134579945 3.51522000548266
5.67089338811388 0.903979177218733 0.424017903431452
0.924378937590692 -0.430053203708658 1.43902696526359
3.40817624290508 -4.27416466378154 3.40618020569191
3.66468676118135 -3.79783595017902 2.73365191883084
1.49366072385247 -0.163244265963205 1.37467472987173
2.16851351269953 1.56421573162981 0.243687887082071
2.05962198358043 -3.10942137887364 2.92819883460205
4.98605727470842 1.52205282825411 0.865638172030649
3.44376751128875 0.302169995454599 -0.293868027138136
0.237222469950283 -1.43059100358573 0.841461819618685
2.38306366329128 2.34672266043303 -0.573106222091268
3.7307609142477 -0.425175495271519 0.109228078632581
4.4288197878325 -0.776338284340736 1.06106627171886
0.255616823979891 3.64304039748718 -1.25122283068526
5.65949097330339 -2.81234397945067 1.96679312231833
2.63427203132544 -2.03311985494125 0.263648625555495
4.4161112206196 -2.98741594983492 3.34050108003936
4.70427540263972 -0.316712201040441 1.13278762814222
1.63610569881158 -1.6723095797646 1.8203603406659
3.67265043635055 0.337591838037377 -0.00842296762127906
2.10387427494206 1.08886355599229 0.50264113212907
1.68793314951321 -1.94255883257556 1.99035228408192
5.6148768830978 1.90990864216925 0.156096422543703
1.33131440537992 -0.271063856430715 1.45171517060215
0.202292202731437 1.66454218411717 0.132169180019192
3.75386518577845 -3.12413239851242 1.69781567742801
1.52848070962385 3.94470001917552 -0.408247438455514
0.509765189196474 -2.38042076055618 2.1679702069702
2.16000023605046 -2.15265647087052 1.2957309208508
2.02470085933265 -3.23076290430574 3.89864378822311
4.4907910968748 -0.732799156600684 1.09832209583543
1.59518723363506 -2.69801444217983 3.87120980286489
0.745992868987469 -2.52751864909513 2.95182680087352
2.82851440998136 -2.695672407291 0.422310717167006
2.20983379603812 -2.63160145669545 1.62824031812218
2.0604356160318 -1.77903169513752 1.23052329095852
3.52386154311205 -3.90905796371235 2.5101586519204
2.80126462905758 1.0341621293645 -0.617976552033864
3.93008577282838 -3.47144658969628 2.89565207667989
4.16821025732327 -3.16156237809678 2.97739448938917
2.09946167693711 -3.35754100849848 3.97380097929466
