0.468917532161572 2.40985429292293 0.312625872901234
1.48974129242051 -2.46879902430852 3.08054024198857
1.70611395537182 -2.75396181065046 3.49150775118646
1.21877853268958 3.96265244335314 -0.254024046380189
5.56325242356117 -0.272785884126089 0.666353840510385
0.136644224107394 -3.38327602877918 2.55886754779169
1.77327508629419 -1.47343808781299 1.51756818063812
1.82586779333794 -2.30819927221363 2.15919697054927
1.32966615524285 -2.03257909563612 2.43407960984453
0.842124714401094 4.13960657329823 -0.638313467705472
4.20806704322193 0.741238865913317 0.662101318557087
5.98465405421254 0.621041497170689 -0.0274581537656463
0.638739128295259 0.329679618444507 1.1504984926623
0.359836850240164 -1.34312248005337 1.05262487974541
5.579127695611 -1.63911339106847 1.06222463052214
2.01551130783394 -2.45482332137165 1.91236504905621
2.69030528734771 -3.62841113066787 1.63218832998237
4.00833986429917 0.0449975753259884 0.458940600367429
2.40087777748493 -3.43552448120325 2.21558471872342
2.1652021100207 -2.33482073843258 1.44196936673428
0.152611054824704 -3.60424890078898 3.45136802822907
1.70144314319636 -2.11493577065345 2.15724641561977
3.02063079770878 -4.55260409223817 3.9650264062188
0.0953388238288586 0.803717742364854 0.143311806245028
4.85211966047512 -2.85319616267629 3.85085566546571
0.722006164351432 4.68436159960234 -1.64314669390751
5.82951004302328 -0.745358609390604 0.362911690844221
4.24760891051337 2.19115912263766 0.236790312954156
5.08028149739649 -2.10543775167246 1.97709933664784
2.22988755415579 0.593814003657308 0.376288313116121
4.1990187967573 -2.93047237766177 2.51512835090484
0.987691831618041 -0.598046055198402 1.50680919929501
4.13952467010938 -3.36189755534542 3.91926737351755
2.62156792924925 -4.17017011105018 3.25834179591948
5.43265980522061 1.49550275876874 0.565520981872099
0.197585854422366 3.94856806144577 -1.96007157473647
1.40159752243996 -1.08885194070503 1.65005596227291
2.28529700660867 -3.6412919480335 3.52546487385328
0.191859604854262 -3.53566126471981 3.58250255261571
0.515604075569753 2.00053774224416 0.57922388792627
0.357222222735645 -1.57193080738756 1.16156814943582
4.04877347164563 -0.954143226022704 0.649899589303531
2.26844720157255 0.525102468127823 0.317819749213318
4.01639231218971 -0.0276679970662741 0.472947500102562
3.32472320340728 -4.40504382901532 3.98141618067588
3.23739462560547 -4.45823771020787 3.67620710356124
0.0488331933371826 -3.5961747172815 2.53574865150817
2.35362887929711 -2.91106175994956 1.57176823799988
0.561320329062843 -1.53287146398987 1.49598308506314
1.72879936197625 -1.97867578466996 1.97286566183421
0.458361132041589 -2.8527457906688 2.84957268172101
1.40105327549982 2.67066596710888 0.701731096031149
0.397999559293126 2.77569700081705 -0.0592426426196809
2.23898723693041 -2.10774058847264 1.09147519356498
3.14530454355829 -4.34895330604712 2.69070554263934
1.67927411095058 -1.34986247471971 1.55596259025543
0.250781351596844 -3.44714352259936 3.99987924395848
4.34601676402838 -3.10684290153401 3.81084571997795
5.99137396343205 -0.927865355061452 0.1283219653526
5.86331498102133 -3.5352731891684 2.68573758831646
3.57736270629924 -3.08669540696813 1.28525180036198
4.46104740091283 -1.98808013841352 1.72178390577983
3.16068810452057 -3.94541930473336 1.76131486784707
1.86975865186863 -2.9135557196434 3.24809493955397
0.325081319046711 -2.67193359930609 2.06407007732636
0.995505472267065 -2.22029257397548 2.68892774053555
3.45394491683152 -4.25960091890857 3.90948828486866
0.755877832851739 -0.0799656679641441 1.28351060672916
0.159084829349784 -3.39942761248055 2.72537864454738
0.86079448365115 -1.35621320736262 1.74796943218346
1.04608359560984 -2.42072629662206 3.13849303235404
1.25084989229699 -0.730410404902353 1.5790036779346
5.3384606491059 -0.111253364142312 0.903441395524193
1.84928272805702 -0.498864684586739 1.06286876737251
2.71825512158215 -3.74591602331587 1.74924280493612
1.32011556004046 -2.06327088028578 2.48002176307237
2.46177330883947 -3.79095294478898 2.79171135061815
2.78072510057747 -4.37412139120931 3.34451814281448
1.40239875015949 -2.09404369281738 2.47467327169766
5.81113433417998 0.264941621956889 0.300192417732794
0.199034478460184 1.50285633291084 0.185202471814181
4.59753810159084 -1.48161726248925 1.47182017858385
5.84971524993661 3.43546843959067 -1.50120060702535
2.05700410795016 -2.67661438900381 2.09022814046816
2.29719766150286 -3.50098545292338 2.81762726009777
5.99795180684369 1.31425371908342 -0.223359740507423
3.17935120749671 -4.45243098054449 3.30742603209925
1.95433502401864 -3.01558801397885 3.1849002059914
2.45490462058998 1.2827570420647 -0.178700766719857
1.35404772379021 -2.34481102800783 2.94371593097468
0.37333351302178 -3.17417083248199 3.49028762685237
1.36175611240318 1.94053124707652 1.07497960414738
2.70854390111914 -1.00633223017475 -0.240826292764656
1.29560328571796 3.19618228113525 0.406351066676521
2.48675816562051 -0.665371434920306 0.0351299105756182
0.231435880988599 -3.36162302735945 3.10207322684775
3.34857665332489 -4.27038668005428 3.05207669096001
3.57864082008325 -2.1436382118252 0.490481383824418
0.443974964311348 -1.95798910579267 1.59302696834473
1.97459865517078 -2.83531233842685 2.60653099176315
0.520579596245919 1.06932718374114 0.893871037367703
1.81714873665429 0.71100990857898 1.01239246591152
4.14190056706205 -3.26662338457644 3.20083485676507
1.26199549826758 5.25628104783017 -2.54283503424648
0.456038331933233 -1.58007570579771 1.36027600809255
5.34013895583292 -2.75763854384594 2.5716573657834
1.38937977710327 3.41217219179018 0.218749585568642
0.242015958159057 -3.24528944211097 2.80799086561877
2.31714080052599 -3.58032155072664 2.97061216813794
4.57593891381626 0.0990329884987156 1.06403773654898
4.22506765853256 -3.23561163106488 3.60198811975692
5.74192698948057 -2.16332305744187 1.13861388156466
0.743028677158837 -1.19957168217984 1.5434721155342
0.782721271989261 2.29843873236383 0.773236687366794
3.14542319056214 -0.740022675411194 -0.452463509690769
3.79804502085784 -3.45429782113805 2.36154846828368
0.234772370562546 -0.508558088445986 0.565499023829729
1.99523523473487 -2.64684763500318 2.21978465297576
2.36439573997606 -0.454642352698662 0.218985708779949
4.25710990915607 -2.91138234041476 2.64208643664498
2.66865148310275 1.69437788394508 -0.722349793725278
0.561443500192301 0.126836803763996 1.06323727134063
1.79099437775362 -0.43267303181114 1.12623721593042
1.62027261571777 -2.23331631717528 2.42852894715828
4.85433665236924 -0.702639867661625 1.23448240357286
4.11453102569965 -3.25553316887155 3.0451672268614
3.08289410081426 -3.90948210094384 1.6281449194484
2.28125326830899 -3.32703825938438 2.45963834199569
5.42609723245879 0.0682693576490279 0.80438436247995
2.16614632456105 1.45781846856535 0.287687958199858
2.59995722776123 -2.93881136712523 0.993876925750977
5.98850992108512 -3.97988569329836 3.97700070632679
3.49200167295078 -3.1707913548564 1.21449292042528
0.0176385814635718 -0.466102667202064 0.071290273840396
1.10537906024304 3.84257175242351 -0.105533304561831
5.5467157652091 1.88906006575073 0.271634397750837
1.48575306277155 -2.61165862229275 3.82667057362744
0.755571918978728 -1.6330938279721 1.82260890536082
0.328325622076329 4.05542950300201 -1.61532722770258
2.38019245358973 -3.82576857080492 3.70440876696005
3.38253140352662 -4.24714466156997 3.11458347598692
2.2891050516381 0.447511855492607 0.291489549398793
1.22055714985428 2.46483044016213 0.874375799170191
1.32355303993296 -2.01032681542438 2.40906227575792
0.0114011824280844 -0.865957956060841 0.12561377536642
4.05837143549041 -1.28084933512927 0.774137505570875
2.01551130783394 -2.45482332137165 1.91236504905621
2.87352388866038 0.839293492829203 -0.595006799422329
0.366236791174362 0.387593918322113 0.749494918042225
1.8105970985792 1.22775087741179 0.911488031175191
3.30447447134528 -4.10939109636351 2.37078305267258
5.10231665273679 -2.91573633981923 3.73880183467754
0.65339726779936 0.60735894143483 1.1399624402625
2.82371678005057 0.75411270226694 -0.5766362269943
1.09577131800236 -2.54003512011615 3.6792362249354
1.15289112756877 1.11126568927127 1.34758569108464
5.97222106279074 -3.65793376253617 2.50148798038387
5.9375694968594 0.331644735955112 0.0900696523549922
5.95697846852423 0.88480183627071 -0.0284349023660198
5.88234612991367 -0.114269100008201 0.199404066373156
0.0413829457147274 -3.84984375947148 3.38246453253903
0.77393528628405 0.860320772685027 1.22395766929332
2.16481935430499 -0.265783483519224 0.545848510365698
0.863303603476565 -0.476989343555156 1.39817070955381
2.05747396126131 -2.95021293973072 2.54484927616749
1.97419198253766 -3.1460854211308 3.75038009324981
1.7581252262825 0.330049925576361 1.11509364251973
1.8359474599091 0.370415205485104 1.01437161310623
5.22250363017466 3.26218276319715 -0.223422042364777
2.41800926128103 -1.41110151526318 0.361322705123989
3.79019268606645 3.4126194267535 -1.61721051155023
0.605834157033164 -0.488577084961143 1.17043347381977
0.235628095237743 -0.84530474570332 0.633100509661881
2.70105502074721 -3.23764453410303 1.10921869512321
4.09442133435812 -3.02561317925858 2.40631647821585
1.02179835531317 -1.98260894815918 2.36348027414335
3.7578620516992 -0.302827106428182 0.133546351086414
4.89164630330338 -2.72246748856405 3.0691527352103
1.81622314119528 1.55110270943426 0.815333467695592
0.386530817315834 -0.300456721975296 0.821936099756357
1.99311179835912 0.99311882509323 0.704586945089283
2.16773086182077 0.330007034707428 0.515216377649022
0.928440232444209 1.17843639614235 1.26743011196316
1.95264747601011 3.60369970321867 -0.722600866485587
1.33065354912317 -2.08414782056084 2.5017383164804
0.83452530375563 4.2356443425042 -0.764020057932363
0.906918287928739 -2.59804196238565 3.7394954517213
1.91853876725528 -2.99580781368895 3.31029424242948
3.60166143863918 -0.962512242715271 0.0340221991094216
0.183506179405619 -3.32852001706008 2.68609742823965
1.34652799356879 0.871429080355851 1.36417619993951
1.9865852373138 1.10292686513726 0.692180373340091
0.188116885917321 1.20955998941515 0.255588691975354
1.74775282752384 -0.827777235249761 1.26735650647647
4.40866937983153 -0.64796228641712 1.00846712415988
0.391023973894919 -2.82313180109485 2.52446647798147
5.68269088782734 -1.50816266180504 0.841629280866858
2.00994376976902 -2.5515882438973 2.05091452905042
5.60573497474129 -2.57305182005746 1.78455871600493
0.583018505367915 3.98443571516261 -0.837269022993547
0.29349930820648 -2.97284189328151 2.45015649466724
3.88766984276782 0.0862332367755563 0.292607837066741
2.46324100228169 -3.54500792144869 2.19463977759796
0.128134994830423 -2.93962063820826 1.76086549200462
5.64235708251806 -3.4319447387859 3.70402040384367
2.33874456045375 -3.76133792120754 3.86504793435101
5.81721026042281 -3.62446407597339 3.29332283477786
1.36084539366251 -0.626348001542646 1.50759720739693
1.9416913410177 -2.633251441643 2.34879382875004
0.977454331748392 -2.42450210405817 3.15640320912668
5.30495537178567 -1.17694599559761 1.15951657293392
2.28530891486071 -3.55624436349566 3.08643673352254
0.874688396841822 -0.362362015039024 1.38419828763809
2.4704301630248 -3.99167090234019 3.94376837381572
2.45867864532822 0.238590418686153 0.0169130964331926
0.933776785024181 -1.82124444399671 2.11775098351409
1.31276749488356 1.03075665759321 1.33655290587463
2.64749010061252 -4.13746234481918 2.92211816200691
2.04354739092673 -2.27977710889209 1.65998174490339
5.38708274386095 -2.71645100731392 2.41458402816138
1.71306338436555 -2.7474122271498 3.40742093959678
1.0108198168522 0.0512324460651738 1.41893622865843
0.122218876691536 -3.58866073617917 3.06070699144872
2.06557429683698 3.42742947207935 -0.792444008137416
3.18388868239596 -4.07612347730528 2.03902910353446
3.65243976425839 -3.75188888355722 2.56540513404082
0.801556489998294 -2.07844194321918 2.30511556418201
2.48689094831878 -3.71478070109676 2.46965655202839
0.515377114119913 -0.672876779064644 1.08079293660547
0.67175333644701 0.872893048928387 1.1225443724961
4.67896183138694 -0.257079451565352 1.11994848974702
0.464785731445212 -0.450397252949056 0.968291315437686
2.5434002909134 -3.11815830134136 1.31700001868907
5.55971586579757 -2.84341021746119 2.23984079775695
3.35408361655513 -3.65095532278529 1.59665953303355
1.81353377159028 0.0294990534209854 1.06615229993008
0.156603480509261 -2.64696550520004 1.50751103835371
1.26586224732434 2.43477726873323 0.897918256202963
3.44498213646975 0.527133920315974 -0.313588238044458
1.48032318705642 0.751675607822539 1.31887709889518
2.65058420227512 -4.22944960951187 3.33036975271997
1.49062064515712 1.34783932428913 1.19349026969692
3.95520841345975 -3.00696916203088 2.00643795446873
0.101538368621879 3.33324060197532 -1.39198443318869
0.591126734339824 -2.86142692757501 3.56208021582347
0.986543436886833 1.65881388089509 1.15017998316094
0.598221397896127 -0.603132218084291 1.17946215922065
2.33521178901448 -0.81112128490924 0.330650575418872
2.43776884825675 -3.83149194798137 3.09287345492369
3.63758061391097 -4.03741092622261 3.97418379959184
5.48524596780668 -3.19274966553762 3.36027719319175
1.83409076089788 -2.95103104655533 3.75359047052705
0.497268496443764 1.82940743077037 0.623118083257614
0.58152283716189 -0.445603733830111 1.12991627603567
5.83911451816315 1.00792960535578 0.142233544438999
0.00550578397118477 -3.85009282380963 2.98078417350223
0.816679634948132 3.71456649451584 -0.179182352909401
1.91945005480244 0.396701755586105 0.906350491937282
5.65876858628318 -1.07476839490628 0.707998228316205
4.49486091114002 -2.44016205984472 2.26695731415898
5.72585904543543 -2.11160487600388 1.12784653363412
2.41918360160279 -1.55725252269929 0.421446981965041
4.5491860148835 -0.772410857813454 1.13983120672958
2.55263436234075 -0.827930614057683 -0.0421008916909793
1.3728862021491 3.98114005899805 -0.311686547092348
3.88028042558125 -3.6799040155775 3.51384117437924
2.49501638545211 -0.230751792224726 -0.0257213092449023
1.80988785397943 -0.381073047279913 1.09142749927865
3.8394171174474 -1.40658347377042 0.505721522773524
4.25294929435803 -2.30773019106316 1.75679062222893
2.97117259653261 0.157398418177034 -0.559202959730572
1.644428971078 1.66125553200218 0.975836475886027
4.16499036002259 -1.05792326687029 0.844324088993416
1.69784802567834 0.390388715253473 1.18520342765775
0.703102116557781 -0.33849595632547 1.24260917477754
1.11270248588793 -0.334117431213422 1.45784673544971
0.705197665646667 -2.7497463951564 3.75387599459739
2.03522979632278 0.688308829248774 0.696504557521142
0.952714714784264 -2.19170892665561 2.62261806854145
2.48794090311085 -3.68044784620465 2.39243897300905
0.623132749087918 0.629293057475386 1.09926798488644
1.5614985012386 -1.55776324526252 1.82821178446595
5.66035028991982 -0.455139800129728 0.563955816502735
0.330116062848553 0.542150467086342 0.671671587145103
2.33337628351108 -2.09056396094277 0.882115068842346
3.22374496357879 -3.88731931267076 1.74152876194534
0.0378972601944288 0.649304317536203 0.0334854647153768
0.862883701239747 -2.60539383724047 3.58343761190662
1.15857010986913 1.64036098765573 1.20895987538287
4.67584080023224 1.94115770040962 0.721196629807317
4.45489680182219 0.114626110114998 0.973533877139634
4.03661153104404 2.06263641728746 -0.00549435001751337
1.29026238111928 4.35721206696979 -0.737674415595471
0.00907052012337166 -1.41008157443783 0.283734540619618
0.0107538826596504 -3.89169888382103 3.197185684675
2.24000556590074 -3.30060659638505 2.57907297380351
1.76316081613 -2.81440835506639 3.41851452220483
5.31805449111834 -2.00510179447928 1.65901997979183
5.01175348167292 2.9659205911453 0.16337862556233
4.3036178522306 -3.15437555630116 3.81584496994364
1.05126491405677 -2.56533403813972 3.9723404804887
5.08714207077994 1.82428950657003 0.705197147768689
5.98520255050271 1.89429228905538 -0.450659778425907
2.74244687852131 1.23986329035617 -0.604648252299415
4.24228022780512 -3.21354391714433 3.59429921711689
3.46444440838645 0.405560497383003 -0.279661899760869
4.50882862354543 -2.32030062299404 2.11722793783887
1.7114928531371 -1.23625658388652 1.46844044527893
5.01984308734806 -0.383705951711266 1.11152088378118
3.33124486907326 -1.19493008260132 -0.217845547937262
1.47479946556969 -1.08049878278603 1.60950750453287
3.98121605499051 -3.55297956976813 3.6047151035054
0.192272167057144 2.87803192648124 -0.625399371688779
0.24099204017027 0.574941786612966 0.497969952269893
3.50752285540732 -3.90832347365292 2.45744937270028
5.12527930321131 -2.90417917739127 3.48588687780693
1.5698993878755 4.89097853990086 -1.90940792273637
0.178198589913212 -3.55390375800599 3.48655537304783
2.04826826511127 -3.15111139378963 3.11792184282089
4.58772317592735 -2.37918369808196 2.2885793282852
2.50561847968106 0.103176518424967 -0.056407437037319
2.71526722258599 -2.25353647975711 0.250821077396176
5.01121785296225 -2.8947936175242 3.75164070201565
5.11880286143252 1.09908208339354 0.930461223959083
0.806767621205307 4.43090617541429 -1.07328683984986
5.22035800102053 -2.99252380535307 3.83160323899482
4.8834779887515 -1.15788158213753 1.37407458469042
3.38197275905405 -3.89463313734533 2.09152237518748
0.214267351967722 3.26948830445014 -0.938410914156168
3.88223035368042 -2.74707460547823 1.50892867787905
0.451305154947723 0.596959362015653 0.87227412911566
0.807078203419058 -0.440661201424385 1.34496120421157
2.59993474897343 -4.15126130845489 3.35264521296799
1.84539731352714 -2.78512688063022 2.96351522754242
2.4066915924263 -3.87176609035355 3.72013403662961
0.617816274744093 5.09561479886614 -3.37284005330684
4.87138432686418 0.398688435345148 1.10248200041193
0.246095948289795 -3.45229061916139 3.94144353533456
2.54677543541482 0.73824627231131 -0.192719358999172
1.76600185613647 -0.139340233634456 1.13007902474412
0.281220542596682 4.36497628395017 -2.49779075218529
3.01545165436894 -1.97669404137363 -0.0885513680232754
1.15057938942886 -2.52337161307857 3.94575387977273
2.25349323277952 -1.14563431534531 0.56933247290657
1.50549485858199 -2.54427454046993 3.23239897726222
1.13598579666318 -1.5580340839199 2.00640118369434
2.44341325349649 -3.73149018250781 2.71878799410462
5.14570197151957 -0.490915183701415 1.09383480295243
1.56031276351263 0.370650864647521 1.29328049862186
2.52214957653162 -3.66660019331944 2.22750326101094
4.24538837753295 -3.22780010078455 3.97635978445883
1.55977540328998 -2.67004118374503 3.7097494832689
1.34370475005065 -0.135083471539896 1.44242147334125
3.90641590107727 -2.39761531183524 1.21568394805566
2.46971810520972 -3.53127920468819 2.14142123382479
5.90252028159665 -1.05676479565348 0.312292730495432
3.4638904167671 -4.24918255308038 3.9544883556307
1.70496172015421 2.00182469803807 0.788957658034854
5.66312637345826 -3.21612463361256 2.70140234714402
0.125074087680298 -1.63404113335389 0.678786094691922
1.53447321306513 -2.58857995197329 3.33796112702828
2.0645029901538 -1.34599276769445 0.98911317868478
4.46686300939295 -2.67313590217415 2.61797927430696
5.69929068952815 -3.18916636799056 2.50735195633023
5.02580230589916 -0.435297030120111 1.12612703662599
3.16088881259052 1.06292344721055 -0.685938431754368
6 0 0
5.43665639902928 -2.34235888921225 1.82231496834252
1.64507411114139 2.98540949173463 0.321554926304853
1.89142794812147 -0.169589241328047 0.970709989225669
0.838663204147492 0.827483130497515 1.2736388415279
3.43689130157285 -1.16785430286755 -0.117503550385427
2.71215800228811 -4.33015533452199 3.41588370507166
5.54816624760576 -1.15906633025552 0.882879236239314
1.44908177322012 -1.81289016199399 2.12432313630127
2.27752233846087 -0.0177938423735979 0.339410045947113
0.416223458965532 1.10458535538899 0.727738261797958
2.64697296177552 0.729946134283961 -0.352268148871092
5.55098170466598 -2.49782202796663 1.80683343466618
3.37882257901194 -3.35350107009161 1.23656830572429
2.53174194008131 -1.2373020853614 0.0984440009317405
0.0747828502256389 -3.82009091300483 3.90938888647812
4.27910210169299 -0.466984445908926 0.840431544738556
0.325415620023549 -3.29081455979924 3.71047078047204
3.42699295088753 -3.25832224816471 1.19740029990358
1.69546202625205 -1.69209559027359 1.76198517221192
0.735189914440264 0.771246425925306 1.20479127496748
0.751833285713383 -1.47441667539979 1.70783007124084
1.38238292514394 -2.37612459345454 2.99158532433721
5.4095535023319 2.07728796661208 0.358468061046488
2.32860819585705 0.272133810785689 0.238888032493236
0.164511404340552 -1.76859421805837e-05 0.381570205656586
1.89021084944406 -2.96647279022502 3.35022166973477
5.24109016017187 -3.00938415998183 3.68695891164567
2.10555041280691 1.17174891166878 0.478046012012921
2.88595883270028 -3.37696108957831 1.01469440689543
0.256422411586418 3.70128560270067 -1.32715151766108
2.26830413985957 -3.17470429114275 2.21000117317725
0.837476539404776 -0.758149589322657 1.44848065894541
0.958934636014903 0.370875476367877 1.4042372766658
1.36926122331863 0.560266869246317 1.40782738348727
1.97967591176461 -3.06232837880031 3.20046591633935
5.86446785372934 1.85976073159802 -0.209166339411878
2.1721493240081 -3.81848905748504e-05 0.518084880445012
3.59804791089235 -4.0674865285393 3.59679909497018
0.303649981412193 -1.77504773459808 1.17350495034688
1.52383091932915 -2.52337088426657 3.15227455453586
0.180982206751473 -2.80342528148667 1.76742864839387
5.89050212628515 -0.46503448216707 0.212108564259511
0.154915030951429 -2.46964915847575 1.32682293858537
0.499746798007945 0.22504247263085 0.973879397104048
0.148005429274522 1.83201219699134 -0.0610354602244707
2.83287526234905 0.0554113371784172 -0.485672323770279
3.99125398422414 -2.77253448865604 1.76991887325274
2.16411147609089 -0.856451996565136 0.644437484824948
5.85565968454579 -2.79517810327453 1.48728101494756
1.25611240703762 1.18573608569544 1.32674792621851
3.45028147805514 -3.5718633861074 1.65812863223408
5.56139460248866 -3.33651316534391 3.94677251859015
1.54190324726439 -1.22183780977052 1.64165698959181
4.54793792414975 0.0803210394399965 1.04951185727067
0.247024895268748 -0.336469840005274 0.567225531936385
3.02322486545982 1.29498371871999 -0.824526475064092
1.55304671062022 5.25557663376927 -3.12284111260316
2.35335150350338 -2.04817625817072 0.811762512301359
1.84359052643555 -2.80098245713069 3.01651207641527
1.9865852373138 1.10292686513726 0.692180373340091
1.66388451732434 -2.21020109106918 2.32381099057661
0.480774219184135 0.957604260933414 0.85785389044918
2.91193868217913 2.02082047101198 -1.18729442008067
3.41324998290175 -4.03190084300473 2.48295663888335
1.38122053474514 -0.349376760608525 1.46180133928878
4.56017541161103 -2.94118675554571 3.81550944542622
0.112685320413517 -0.477988719105241 0.294239446553599
1.74377337540308 -2.83351840743666 3.67026478559397
0.806846562802948 1.28300152142794 1.15724676558921
5.49228040540205 -0.000395711226840762 0.734330573755645
1.44321287887422 -2.14818726952338 2.52344745133014
2.57703459614482 -2.31620819164609 0.540121592305519
0.219345940891094 -2.82607990725918 1.93023330300506
0.648959976549521 -2.73050008339728 3.28558831554122
5.36827390777154 -2.92643885641731 2.89858706583036
0.826073930270632 -0.78797827369497 1.44893148124238
5.59008501186808 0.20272229034852 0.613072167851093
1.53517995075317 -2.09939797214735 2.38017207347614
0.309216500432954 -2.47197012905595 1.77072983567684
2.37024964610793 -3.53760832501121 2.55931648633923
1.04039711448772 -1.70673765816776 2.07959457122117
0.495748801696364 3.0947174884913 -0.107060735081971
2.78211903881075 -1.6535007087431 -0.120168418377363
0.975903765398962 1.25108488570092 1.27367957014847
3.19727701635603 -4.17445818701912 2.32155309221221
1.92802563306802 0.269321832921502 0.901030196381124
3.51156619321385 -1.34397761105522 0.025086311325936
2.5866773370015 -4.15786002029088 3.55159476194303
5.95372002452893 -3.90724004185612 3.66832584395752
0.192532279074912 -0.26088665457376 0.454252168165964
2.93824138070579 -1.32649501814975 -0.333314526800094
2.44157064250694 -2.77004540127143 1.19173801387087
5.46157652276126 -2.40784778879349 1.85837063515099
5.4807586827866 0.460230791939403 0.729839690529904
1.56520009262373 -0.234496970102425 1.31777103149188
1.30558963975424 -0.327641766085397 1.461400858189
4.06189920165863 -3.45619986232901 3.78973103478628
3.93072390173403 -3.44723726668259 2.81544059194491
0.534502710681318 -0.662944710796698 1.10425104184745
1.74161050677767 -1.34164491694652 1.48321391867407
2.53230892522054 -3.52701084337558 1.91980704490446
5.36965896992533 -3.12371282201591 3.85632947516915
1.63544793868689 -0.168153136347738 1.26671768019158
1.4161648765739 5.32841999913743 -3.0872957593453
1.41038847989907 0.479460652568797 1.39455392029122
1.43285237056295 -0.203749230133463 1.41946665074737
2.25010404784589 -2.86463284724051 1.80080251590491
5.00378146684802 0.574744462701531 1.07056920641149
0.5908466853487 2.81071076751361 0.249845741669276
2.48529814100531 -3.28658726574881 1.68977011740934
1.35621057559454 -0.00508822294447886 1.41466629022069
3.40193602326265 -4.13535765713544 2.73416361189552
0.478346322908034 -0.956507199614593 1.10282551293464
2.77558486744862 -0.254609449216082 -0.439964796065591
5.03620651132271 0.53067998376089 1.06208673027506
2.58019694192499 -4.0766355535843 3.10794433542563
2.6309993544554 -4.18995985452094 3.28426361973128
0.92736440552936 -0.143214154106633 1.40719500436584
5.82012570996122 0.748904763931169 0.219042529549969
0.362080680266059 2.18808877243951 0.225927983950632
3.62809180088077 2.05645454294683 -0.633591124889969
2.22485798005165 -3.13038782244064 2.289832456278
1.63044044798476 -2.72580869935461 3.76294961999772
0 -2.22558132868618 0.676569291736891
0.420109172361146 -0.615947629537819 0.921272821122193
3.34495849882723 -4.35795756058836 3.57112684264192
3.82584911873035 -2.10267269253003 0.850631487451117
0.712686406596145 4.72641210973865 -1.74427583895951
1.59488321882705 0.0833257012044302 1.29288324949856
5.41226522764865 -2.89635175515837 2.71410592187727
3.70219942001096 -3.95114797488497 3.94372003513446
2.36422880298145 -3.74033045602207 3.29653107413638
4.67696491354416 1.34751664281147 0.928256743634911
0.171084451151066 -2.83348776833749 1.77177771424171
1.78836517807823 -0.32404205049955 1.10846028700661
0.181113635455667 1.71097068696137 0.0646263693411332
2.12195427343188 -3.39008878142347 3.85410493372661
2.74692168492306 -4.3913487548599 3.57061915166735
0.319420935701437 0.677401838499405 0.640693163607349
5.16754160222606 2.91279652100892 0.0808890295620213
2.85985202748917 -4.28601124881534 2.64586210580484
1.97661205753038 3.06485801164576 -0.263353994403082
0.463083926086957 -0.53385764943258 0.981422960967058
1.96706385883961 1.48275146798644 0.613892430673572
2.14365254752468 -1.17791912797996 0.781717426694212
1.05119482750116 1.14114448402421 1.31133649976053
3.64694566553293 -3.95780222060613 3.26484072478506
1.14582094346385 1.38654233914606 1.26857007626307
1.53052165249788 -1.14419756607193 1.60929013816741
1.41167978431515 -2.11248145823198 2.49386695964921
4.44349915934857 2.30461803997281 0.392918951736499
0.672092460216811 4.02685760923804 -0.711854106179998
5.57759787249751 -2.96036094985143 2.40614256191642
2.22097681716315 -3.18794323385211 2.4143187090814
2.53993163982661 -4.10116637281264 3.79863558661534
4.01865227288584 0.82571620954757 0.394110028894692
0.812392639429749 4.21335535420368 -0.759615253326751
1.91452983544865 -0.596488226969644 0.988215950601651
2.92432401760574 -4.28866827811457 2.5370860500992
0.493379727749581 -1.0548280681789 1.16329311083427
3.71867737298854 -3.1618382375272 1.66927474778122
5.32998756698768 0.408930325114489 0.88504632914021
2.59447201027325 -4.12437207495989 3.24493226263687
0.276158676189335 -0.201613992273496 0.616173328150522
0.463932471295719 3.941068357104 -1.04118578326544
4.04122230796052 -3.41818801709363 3.29564836256495
1.8221599714584 -2.1009832398958 1.93107841725789
2.14628901499135 1.6206290017206 0.263011294785382
5.97258974759749 -0.316993813617981 0.0608566532051455
1.60646896377719 2.54389188055841 0.633549497788001
1.70859144369789 -0.2076206957405 1.19690530282103
2.06203102617993 -1.69830040831167 1.1788851601412
3.70500794777924 -0.463424430064855 0.0786065018696798
0.0914667431593742 -3.72160089389777 3.33279359595251
3.18394796315213 -4.49342762991429 3.95156402376216
1.20908738231579 -0.573232645301579 1.52713834704286
1.32256151703858 -1.24932815452203 1.76206005519167
1.91429119387219 1.32703140260174 0.743163495755631
1.32129871643389 -2.39787393820439 3.15901311384063
3.19312654519123 -2.35598317365499 0.187098901219108
0.266884695630171 -2.4605833321225 1.63873387101294
1.63836515922612 2.10580773685298 0.814500110077436
5.449435389382 -0.555354955254958 0.842066411398557
2.42251676698461 -2.26784176509495 0.815204891628154
0.230407647499597 -2.35874031536381 1.4432998598446
0.862407761045556 3.05074837734013 0.387839980929034
0.187086502684663 1.07563243022929 0.292603542914702
2.6499025876002 -4.17900442368317 3.07792928413985
1.38329591848967 -2.52477142555834 3.57080961608231
2.65970062576511 -4.28693829345234 3.83181881050955
5.94829429386242 0.671687703901939 0.0260820222485526
1.10145296508332 -1.40878742123056 1.87975977834994
2.3897297869681 -3.62997004851089 2.71008876384254
0.0719662829058498 -3.6671507006249 2.90467666445283
2.7947646937956 -4.32762934681406 2.91789559935218
2.02765922523467 -2.35611653857717 1.7752963876121
0.295116404877509 0.397149239857948 0.621954494990894
0.692114855482566 -2.01695223671148 2.08522746823711
1.05127676705049 -1.48244479348506 1.91525475577018
2.6416290361587 -4.26168858793117 3.83910571163489
0.286203916147873 -0.0250665243773322 0.624784259314463
1.00124193198015 -0.318524898191404 1.457884284162
0.814317396219682 -2.66505990906015 3.85115195444253
0.876530500267523 4.35369955211143 -0.877033165518934
1.77878605528168 3.42707732829587 -0.21993971203915
2.36804313734992 -3.32510787010958 2.12534514273642
2.76676489784981 -2.679335899986 0.4912588904166
0.689460947258263 5.05369762572893 -2.71191312426958
4.26425718818486 -0.357953860132004 0.801885603604205
0.883972546044918 1.13574510745613 1.25712856447704
2.25055894856614 -2.39781392616479 1.29679855828009
3.58886075173125 1.07128881749776 -0.252250670337895
1.76298758152919 -2.38795885171267 2.41867512697433
4.93353517491531 -0.000550123699448125 1.13560340239407
3.3969485439883 -3.3489852126384 1.25601836232536
4.2372200222894 0.41470753283 0.734379125491176
2.12691931824082 -3.36941398462395 3.51611958445804
2.53547520390481 1.24156834179684 -0.304220459359499
2.42318456477512 -3.85436898127445 3.35037587118046
3.0187015951244 -4.56426031570685 3.88267358021787
5.83769782146377 -1.24334069529376 0.482965753033576
1.76298758152919 -2.38795885171267 2.41867512697433
0.709474313313987 0.0912990177008709 1.22755270613251
5.22520655967566 0.029809571835723 0.984353821396802
1.79363830609577 0.252722978281977 1.0757664019876
1.29673964529587 -2.56220838789306 3.99578840611179
4.11567619846533 2.8625390023195 -0.395779868562172
0.371865061748904 -3.0115352722967 2.86195928796278
2.33601033852227 -2.21386085456788 0.960896300489588
0.236400672356228 -0.000106851546891492 0.524303604578882
2.54284769087054 -0.634904147376661 -0.0606725189759171
3.0800710414578 -4.09817826749912 2.0276402453147
2.46691735443049 -3.94130540499897 3.41222681918392
2.52096489208649 -2.10228503383169 0.507834857985602
4.89696834313396 -2.86277142109008 3.95192502114465
4.39734823679971 -3.03976578412256 3.63753391578906
0.184052689202183 -0.386004379152619 0.445685386705188
0.147122541642572 -0.187884141581672 0.354233242239476
5.11633203450787 -0.978304600549804 1.2192521332179
1.12753597681556 -2.30130233211228 2.91620087219674
1.21808388318491 -2.49799774097412 3.5188384071817
5.63045970506479 0.821797942761061 0.493456186652245
3.95836530414605 -2.19735928784124 1.13963099302797
1.06670821289638 -2.25185014626153 2.77307517491462
1.84389018301852 -0.135795939743059 1.03206390868253
1.94970916550057 -0.605910710669366 0.935708959117633
3.74022134352005 0.479967240768161 0.0646011371046311
0.0779764096811279 1.78185212107707 -0.216194321322157
1.59193579360579 -0.911845811844106 1.45926815548598
3.72572607392679 -0.371675841149193 0.0965247188745245
3.32604327494743 0.0858889606683895 -0.410539927870002
3.83134247278747 -3.34166347101649 2.23995103463591
1.62754144497694 0.857973962404423 1.19534697612891
3.09413770419882 -4.52140785908121 3.99331840174567
2.72991441486582 -3.96131069180578 2.13088019378157
2.16911533179631 -2.06462204815985 1.21192620474769
1.94731413723681 -3.07473299783147 3.51505075577847
1.93583780903858 -2.58369979955758 2.28360791336845
0.539890449063457 -2.58318157798617 2.548276519223
1.2621178550557 0.650651177762462 1.40072889722757
5.8375416469443 0.622493028251801 0.218392051058156
0.496113583557831 -2.84179103562282 2.9695417441359
2.49464792346357 0.92700835473291 -0.146504082880908
1.88230904965807 -2.86506695944801 3.05648128200431
3.50593971115549 1.05592652826777 -0.359506650332558
1.5470986633042 -1.07234026128016 1.56959604852017
0.458761349028199 -0.114891875488994 0.92493262679645
3.46344008750736 0.000304355379985516 -0.250407737701158
3.2681029475274 0.893569587554274 -0.561259758329901
2.91012994195505 -4.12503871335822 2.06613780605604
2.46448215110077 -3.94743543027805 3.49653105089376
5.9981535955575 0.127502496029268 -0.00311809253366721
2.44032912059822 3.04432643599612 -1.31937025009598
0.46722805721696 0.162535847328566 0.927932765158123
0.595842608905325 -2.87972679747007 3.87644703341255
2.94811685537861 0.135879692714995 -0.556669858796279
3.11598711434098 -3.42510941417469 0.986767319449111
3.6427501307946 -3.87057556810431 2.87393465718963
3.04127348487262 -4.54127113054067 3.73102254940617
2.05427549647439 -3.22282365660947 3.38516640030838
1.77513451558478 5.04922176936524 -3.20835571855156
0.0331166938272272 -0.986727447468785 0.207889256538379
2.50321543055108 0.539851935269568 -0.0879802886929594
4.94130607149315 0.662888897175366 1.08563384658489
0.124458521751559 -3.61558935504914 3.20673345745911
3.11354282787937 0.963583581532766 -0.696279499639391
3.8447735936026 -2.32375176353845 1.04150183456471
2.59994726001733 -0.985742625398191 -0.0857647301017444
5.22792389812933 -0.236153119564893 1.00291391489596
1.94773876637941 -3.12216123895503 3.95742729831035
5.49623553358358 0.271222376752303 0.722701783613147
0.0269460566690872 -3.90591456651742 3.53127681602424
2.45645731924756 -2.10671430377569 0.639190188441538
5.21082596883915 -1.81271741820111 1.62171393041804
0.126892220818872 -3.68158818485749 3.64070248395974
2.98276498010052 0.0981630701516324 -0.574987432978875
4.62232234542041 -2.84853457287976 3.39705112019121
1.72650583092421 -1.95403289857523 1.9526605388234
5.69502689445072 -3.20856031021505 2.55891394269901
0.383578138055333 -3.18471856433425 3.7514836522419
0.483443494677498 -2.88342097698842 3.04222189275922
1.94527600103294 -2.91855093195508 2.89661214113615
0.19087443375224 -2.77337434415996 1.76307559080123
0.956429872482104 -0.803625577469389 1.55202908823589
1.39377597196162 2.0815464003358 1.00932613466729
2.34211971399699 -0.536141545504073 0.269309424984418
1.19178621042997 4.91341545132545 -1.61793704504892
0.0867853086033658 0.555602455254821 0.16465222341108
1.10122117911841 -1.65076314000323 2.06660987919981
0.00842651947141806 -0.648578335232202 0.0769203236219348
0.653959965981116 -2.82767565797288 3.95488516776511
3.70834856011921 -3.90457062622726 3.44258294429568
0.242800409651685 -3.46102194233579 3.97221972446037
2.75448582438456 1.18440437082958 -0.59547287909877
5.72751042625693 -2.63238184704098 1.59861461700642
0.153811566299858 1.30646974832738 0.151585611629074
1.36143962374407 4.61095183422465 -1.12458606617198
3.01175136115108 0.981299132869368 -0.679608396439941
0.774007328020297 0.51353167709751 1.25492360828684
4.70092686303592 -1.98065125230342 1.90042616129572
1.82516997974907 1.7588416762863 0.728870455112996
2.11972793203634 -2.86818796982483 2.19188365329117
0.892783974699471 3.88395376639553 -0.296534697413624
3.73420251338939 0.876313037998546 -0.011589224196391
0.442367426021751 -2.3081487758042 1.92321768847442
4.02877852118763 -3.49868845089781 3.71023230364529
0.170000192811806 -3.53974319157992 3.30633514297058
1.67326281881851 5.17241533776806 -3.36402640285388
2.34205307346043 0.310146344340015 0.214034097588256
2.52558281027829 -1.77410897285332 0.323135112093166
1.02411538227765 -2.40010133272236 3.08031605923907
1.09726109293265 -2.24581517630536 2.77990381362906
0.134782750752263 -3.6723474058143 3.70418098875169
0.723813288325573 -0.496636134016568 1.28900363460482
0.191834196699971 -0.0553638385523883 0.439369101705789
5.55567353321211 0.561752903218152 0.632541571106544
2.01796669810848 1.01775656614093 0.661645425743635
1.00604105671621 -1.22502020220486 1.74007247145674
4.50155488311619 -2.88429405501157 3.25126978788201
0.681454493019236 0.846876993406408 1.1383138809176
0.0220389221975575 1.39118883484864 -0.198364222624737
0.929386988822567 1.48011870574978 1.18773786204391
0.8195677722217 -2.44931943640257 2.92591532488098
0.502702722663019 -2.52201441851113 2.34946933036644
0.650221197987532 -2.24255366377035 2.28630395317514
1.76052025213142 -1.0144485442821 1.32085154698852
1.09476615164706 3.41865146968469 0.260970639220152
4.38138687500949 -2.64371633390306 2.42094505858905
2.74441767405468 -4.33436252288416 3.2375810605226
1.65412161692126 -1.92473336093849 2.01641407347584
0.277902161696747 -2.56137430065311 1.78448642942958
1.0285087392035 1.8323642001693 1.1132567591105
2.48089008620204 -3.99799176828303 3.71308409393165
0.87042063043049 0.332016892319238 1.34290922846888
0.0117238636381748 -1.28694964864701 0.246236408333433
1.90123274919377 0.169739511198838 0.941063195190329
2.3151006043175 -1.58108570487122 0.628689256791035
1.39082865258046 -0.866776483627165 1.56415434046881
4.26001047955956 -3.21033210378955 3.99997721453152
2.60790625053549 -3.85595365594449 2.30397812375062
2.77172799094641 -0.796066844201237 -0.33713925253927
3.65868851324329 -1.41078038033664 0.248189996035682
4.0631027670467 -2.94702442162043 2.18030084827667
1.37804239591344 1.07210879974427 1.29905219215997
5.03884279916807 1.80151002710265 0.738537173073451
2.25023105415696 -0.280978031049141 0.39880307970014
0.833282377730386 1.21366232223279 1.19752638041656
1.83318963338185 -0.979532819639694 1.20781316404918
1.48580440628623 -2.61167140384793 3.68777376867213
0.876826625795569 -0.240823027066047 1.38302366853083
4.79801311499977 -0.352164450933483 1.16063031037502
6 -3.74138977289721 2.59746892387778
2.92095100927084 0.817996121392012 -0.610278884746202
2.4804980253267 -0.150191706267412 -0.0047290011957736
3.52697150403119 -0.697027666396314 -0.12357698945918
1.77012823103231 4.28221864086368 -1.20931762897747
3.45049986116156 -1.52533986210153 0.0101821001415682
2.76143378193527 -0.878156106607877 -0.314362459513404
0.994027327287582 0.514677307808263 1.41582913671166
2.28318280629249 -0.528728457531461 0.370997937348068
2.32558249899812 -3.56537082737148 2.86282337444591
1.79986958053598 -1.03712489508445 1.27579526119705
0.128722587754946 1.87768411425199 -0.129282977550671
3.65910448960721 -1.74256496478723 0.388019327858386
1.83760138273055 -0.301764570896194 1.04315520061518
5.84292394197257 -2.47275030145137 1.20160954417875
4.00697140481913 0.413063400444769 0.436919902510824
5.80070039995336 -3.37805168042283 2.56272731519943
2.53256102871519 -3.70702557073249 2.27568485911075
0.660726633734735 2.59525099947091 0.489408411337519
2.04587829107376 -2.48229079042377 1.87122750268813
0.639165004347772 -2.60972872341076 2.9166991746112
3.68661525228385 -0.692842289301211 0.0886107932950068
5.31354462093639 -2.65516987634672 2.43398015724385
3.11737049369838 -1.29117765334964 -0.356784650498451
2.71951385571156 -2.12992105788625 0.17064684080221
2.56038432196708 -0.9663587249875 -0.0246321434757188
0.373437658244508 1.65850703854694 0.480687797001915
4.82126248685735 1.30571826218071 0.952953884700565
2.0415372484234 -3.18971038966559 3.30839114103837
0.714854433718804 -2.72690761397742 3.61549139979204
1.24147175847438 0.515612104323367 1.41531334301619
1.75022426619071 -0.0296972998631742 1.13419538258136
2.26104699734148 -3.49344129609399 3.01837136746678
1.91794677126932 3.67302654837236 -0.725939517296559
2.38154917454606 -0.421168277399923 0.184324170891504
5.20811701686268 -2.98142249644427 3.72105329443036
3.30742006730254 -2.00221318286753 0.0651462934057057
1.75038288802358 -2.78348161869074 3.34089313993117
1.46504302386515 -0.407663949386914 1.41963333592097
4.80967014124574 2.46807800516024 0.482158071772756
1.01585051047904 -0.737728157881481 1.53895008463869
2.07541527412604 -1.75168066537445 1.18480850644862
1.96579267457676 -3.07957105520877 3.37042202798696
3.51269360385004 -4.19404866474563 3.91400251267671
2.41210790202655 -3.8879474660976 3.85844636812149
0.322087559027254 -2.51479444940925 1.85553609851204
2.52117771536031 -0.252683741114641 -0.0694632648218091
2.11198342925152 -2.65948742275634 1.91748910223338
0.663809530164544 2.11458747533964 0.740757487386051
2.25674681461315 -1.93536741633654 0.934645109796541
2.21952514791308 0.233893488019376 0.429436267023118
0.163551241570645 -2.94855507106777 1.8950895001925
2.01077971719828 -2.88709319745177 2.59393462322569
1.03888312001948 -2.46532003185804 3.35648362424712
0.966000671857142 -2.56495213418196 3.78579796654454
2.04784119219353 0.541895378428855 0.692044568117682
1.63214017167918 2.59732646610581 0.573413654667223
1.90982387690231 -2.92803388429613 3.124583631375
2.52839051541986 -2.95974272339263 1.18078163843071
1.55287073540884 -2.62869670517468 3.46900682864042
0.413046242782124 -1.44635868928981 1.20485464701935
1.99848527607474 -2.328937037659 1.8157724834195
1.33105575927111 2.36727571512465 0.894497094228348
1.93234681620267 1.48659977983476 0.667383318911783
0.531133103046579 -2.96426151263159 3.78642153288085
4.26968250547944 -2.08844001460986 1.57718572809891
2.13068713491525 1.05817960020535 0.465223748589148
1.14509307194244 -1.78923268273828 2.21855166549238
0.177479300829607 -1.52447760051835 0.74669052892895
2.21963033158507 0.61892522286985 0.391004721297741
2.75011976018032 -0.056436609884689 -0.397385979686693
6 -3.8351561626889 2.86838306630505
3.30368650295777 -4.08292492253085 2.31431608209414
0.423141789286177 -3.14131594204852 3.99969812954294
0.00969339915306616 -0.522119146397066 0.061110067688032
0.255273197573843 -0.0438383791526013 0.56457993921145
1.34548404078904 1.22940089593363 1.29434338400178
2.65426041561498 -3.48206570201554 1.50340951901791
2.98147780775924 -4.57322284742708 3.91981817166055
2.83668611884806 -4.45740099034148 3.49138422519334
0.185527267458841 4.39299584754428 -3.49142166974119
2.12415095120919 0.650889427308582 0.550088965930541
3.05325536891582 -4.5109489647091 3.33966416607534
2.64622434391586 1.25186582129588 -0.497479739993607
2.55759188130067 -3.96453262781488 2.81504298686813
1.332161359403 0.180643521304751 1.43375068128357
2.4544182898507 -3.95631607713842 3.78236702468519
3.74560939234481 -3.29039844832378 1.91810677569297
3.5078993925625 -2.47951174525334 0.607243318515531
0.277063923884086 1.96918133412169 0.165488863349771
0.0105420660426305 -2.9180965513417 1.30717929536312
5.72964944968245 -1.53564464895333 0.778186027652453
0.519903372422729 -2.8562183634836 3.11333497984121
1.76906409344852 0.822413087599726 1.04593717133785
0.368520775015015 -2.78977603043017 2.38378311495586
0.26425024920453 -3.23655629983673 2.91138401107005
2.64914026462431 1.41822625893535 -0.560961144788767
2.0162289420994 0.620095669787891 0.735638853827149
0.203010705650273 -3.47256401020657 3.31317371960504
2.8434411867662 -3.2853110937818 0.913205356579917
3.36422932319734 -4.3209243607142 3.40156880438047
1.77450795506655 -1.57955045511123 1.58976045167511
4.37328370701717 0.281479458221283 0.901827414054892
1.87932253838824 -0.42054037427153 1.00824893458168
2.85693904370927 -2.75039501888824 0.426046895308635
1.93672987403177 0.382837414337098 0.883322204468747
3.4513836580873 -3.99270289029443 2.49998942110633
0.488354439703268 -2.96943184358472 3.39457836699407
6 -3.35718958424835 1.82995854074517
3.9737898546477 3.05192470742351 -0.815570365871736
3.13543015830091 -4.40244185498881 2.94208378650803
0.693795933358843 -2.321866300562 2.46509355009868
4.88132992245405 -1.58803719462315 1.62624541969185
4.43383476394457 -2.90591169453958 3.13072077997831
2.49953428945747 -3.78778212475711 2.59583231530102
2.48806921768826 -3.9997948534561 3.59642385609628
0.20711112952479 0.0542126644003161 0.46541848420373
1.23631674548913 -1.59747029270599 2.02212434263328
5.0004001629013 4.58916450571083 -1.76792110466028
2.49792839421145 -3.83254827621854 2.72759549015246
2.16313488088259 -1.72175796527557 0.996998581653868
3.5283408925683 -4.08563938947447 3.14035109205781
2.05286187601719 2.98030377657098 -0.343314241082079
2.09451088912838 -0.858909037959556 0.76504196362621
4.68224543493089 1.48657258799925 0.87838850761719
0.794798342035549 -2.39233712681816 2.76905148523665
5.43265980522061 1.49550275876874 0.565520981872099
2.71526003898305 -2.93146461503847 0.774150686958475
5.87077629986524 -3.73857447377409 3.40435450358749
0.414946603499922 -0.836297831194666 0.97070242694687
2.46723725778057 4.0052968745692 -3.82273275817497
2.42075494204078 -3.74439540965724 2.88566131527008
2.0602262661435 -3.27341118093873 3.71499547629417
1.77146124816338 -0.376403363296138 1.14081446470327
0.102012352917808 -3.22463012671692 2.07094913917324
3.49684661043031 2.16915240666187 -0.904062807712892
2.00302362346708 -1.32216735105233 1.08347988798565
0.948049733690481 4.03370669466661 -0.406660819398422
0.747651764982316 -2.72692781824028 3.93937781431881
0.880619359383686 1.76618433060305 1.07467905089659
0.102497845074784 -1.93122705867773 0.778209003928051
1.43527941054458 -2.23545843448399 2.66510720996481
1.4124779961297 -0.570694377575674 1.46663880625107
5.66607348429207 0.79226987259734 0.44984842504177
1.11497467879175 -2.29207526939916 2.88836539735795
3.07902091467964 -4.40070131519234 2.88007707535284
5.43900131566801 0.486745982904211 0.769643125902634
2.42286492267742 1.04544736851279 -0.0493385411133046
0.656183239692216 3.45907196793529 -0.149980239622441
5.73212802918922 1.66666884192715 0.0932450212882362
0.0561396670575488 0.159956870143127 0.127913985345356
4.26574631982954 0.865496008180942 0.713495917547037
3.10798211967111 -4.52305400768883 3.94200569640365
5.47379968223067 -3.17635476519221 3.3357669442981
3.42238646462616 -3.43237432312905 1.40892028303384
1.8329862066953 1.38819601831185 0.838016138534664
0.0942116945476242 -0.764071765237323 0.303153367076227
1.15442350035683 0.650064376971662 1.40316135538765
2.29746748043933 -3.42102340329232 2.60962299315676
0.395894335059307 -2.74416950636933 2.40124856291452
1.85860761350373 -2.98363641356857 3.80219454601973
0.18495432167861 -3.25441791544481 2.50960294125147
3.78181617961318 0.054933908769422 0.149453720520589
2.21196377101546 0.0331452561244172 0.449658037894418
3.83434931116367 -0.494187960124227 0.258461695483183
1.03698072952669 -1.46259666642092 1.89412682323897
1.55710243184124 1.64956593792088 1.06187226199515
3.72784887614989 -3.38027644955504 2.02091565544927
1.1288643244867 -1.74923536626932 2.17247024162526
1.48008263467611 5.23272304539635 -2.80898498632388
1.88336023680252 0.424426285780083 0.95103291554804
0.0371825169153723 -3.36452031016702 2.01063930862144
5.58171599183275 -0.660309400318995 0.695457145876758
1.79510800192163 0.902692851027739 1.00060671490821
0.264480622792483 -0.706139164923512 0.657847498818388
2.10923622449985 -0.173962590404769 0.634724413470255
0.943305030410419 0.149599635436533 1.4017823305305
0.196006340071561 -3.27468597530231 2.62228645566195
0.638363928037328 2.2474735778326 0.645705039097592
4.87672282169549 -1.34985454196696 1.47495741630033
1.83935246430569 -2.95923748167295 3.80849416949589
5.71347253959189 -2.63077856605086 1.62721728345714
0.991953485558487 -0.401718315497722 1.4701112736341
3.51858637854906 1.11843630809129 -0.363135803262777
0.743240583820766 0.261756980206428 1.25718665870481
5.24684549305768 1.15979810066443 0.834699349979163
0.100399839063151 -3.21137009201346 2.04193036300643
5.16732151574892 -0.271541660808582 1.04981612401173
1.66229778609358 1.15573299915653 1.10175452772756
0.262839761363306 0.444064802425843 0.559673659949317
1.56996669122785 1.78072662623369 1.00461523270875
0.44475457447405 -1.46622114653394 1.28055308414518
0.0752343812410148 -3.81264901100569 3.79548252126886
2.29425226764128 0.706244941103708 0.25071988946381
1.68252381284328 -0.95332227973657 1.3791547953291
5.79035923206415 -3.29727919881536 2.41475212969163
2.43882080949024 -3.88114988046086 3.34254376575756
0.6004390795634 -2.8705338341406 3.67726317142517
0.286228509175683 -2.74580404953932 2.05082681379495
3.76636218465988 1.66435381991519 -0.221262521631006
4.69734995234515 4.01502626123402 -0.836628549724725
1.32826139073272 -1.7922017557724 2.15577335284359
0.638937664926689 -2.83635254360807 3.89432669605096
4.1895546684567 0.747931241496386 0.636851139347672
2.53588064175329 0.0261511130748335 -0.100878588109118
4.33038247519635 -3.07787301980514 3.44562030870219
0.963258445195537 0.964815809495491 1.31733322563057
0.838395938553222 -2.5511588961644 3.30603261551085
3.81603306500213 1.23190715882146 0.0107189331781966
3.30553028043622 -4.36854567191194 3.31558445260546
2.39259719018025 -1.68550654480474 0.526749021990718
1.48495790415355 5.19347342759735 -2.62078082405106
1.4343714654716 -0.847346070616941 1.53517582095597
3.95791886716941 -3.59981936640519 3.77480021290717
5.80940919260008 -0.0271305027506258 0.314426278122371
0.0651840732995508 -3.7922574886287 3.37209361470488
5.32783730303098 -2.65450220168847 2.40541548856734
2.47796733189773 0.79244038880273 -0.089806419711582
1.42025754096536 3.13516378629694 0.402051294510495
2.1164744243317 2.56731833074961 -0.16982064505447
5.33475536287305 -0.704477721459785 0.975515235147498
2.53409302103473 -3.87410629067295 2.66360537196834
3.2947645045917 -4.31814926953045 3.00792355970318
2.3570347646783 -3.75383420836302 3.46497442836208
3.86370886652161 -3.3898312817682 2.43083567381569
2.62121129329505 0.101568991045983 -0.244056581244957
0.798993072786595 0.103371583044801 1.31568746833024
0.193465035581613 -1.11443324286324 0.620434827442478
2.60896418433449 -3.38664371025946 1.47914803412692
5.58235537502208 -2.37901056848683 1.62028116554731
0.495278057729229 4.28052307985744 -1.46346357359317
2.56230662572376 -2.67232375927236 0.835653596722597
0.285312458959087 -1.27578727674786 0.880070622160236
3.34776903674117 -4.21969552943316 2.84027092956446
3.19063152918328 -4.4792958947022 3.47935793660328
2.28837286049397 -3.65462531677845 3.57933183671499
1.98021729953496 2.09013052884138 0.355317975634039
1.22035189724526 -2.52411000908377 3.59943704855017
1.57748382963227 -0.388324031611051 1.32989431119555
3.76504078908685 -2.64951412094598 1.18394782060203
1.49195073902136 5.03586255226575 -2.14614520381458
1.65628190574552 4.51659729417936 -1.35431638879023
2.45447373309243 -3.96065929527722 3.86684731702359
3.36903154345901 -3.5764911846615 1.51009500688152
0.229166631841593 1.22169682154574 0.34079347210348
1.9754998976402 -1.17229641470614 1.06623571272398
5.96506365091409 -3.45316334971426 2.10214366423462
5.35618345462917 -3.04061574667611 3.33672157531212
0.457191628567198 -3.07250244771222 3.83314711970236
0.44735380592237 -2.08198084659205 1.71135744654817
0 -3.13425602729606 1.51934614164614
5.05846728955958 -2.86820850630255 3.52265684627549
4.1716825151902 -1.63123562794616 1.10630040925745
4.34737832167734 1.78805694209694 0.535962607382423
0.815547464936155 0.965621601207952 1.24360528935011
5.79293610143799 -3.45029910227495 2.77149995561422
4.54595497273864 -1.18953302151605 1.2874678947694
0.55524551841582 1.20999359402466 0.91095651278863
1.62488193050949 1.94208744309886 0.883512746643972
0.271307638556658 -2.76116995370511 2.02720832948935
5.95710203687864 -3.6329006456737 2.50828477378066
0.387642041284416 -0.38434000880046 0.833257395439211
