0.511365053882653 0.471388802468126
0.641543653451931 0.58448792589186
0.650755796205111 0.111112428685923
0.541683940410929 0.426766598107042
0.363086917836415 0.286746656202831
0.391592903791959 0.575165942200046
0.736255941585504 0.413257606375135
0.688656128881324 0.270876403564063
0.751087218673401 0.714518734841147
0.359791237249079 0.377534355747135
0.653494419181613 0.603146512897949
0.699878994601049 0.645985319037193
0.442272565718383 0.688772842656354
0.439604966449082 0.309294045325078
0.546688424845231 0.329636222425641
0.393152345793174 0.254655744467468
0.404026867330478 0.129934608392
0.227037730118232 0.644790916088961
0.409797839616636 0.607189649522935
0.315143411782001 0.704590920973379
0.393838428809722 0.377637439141598
0.250123261646942 0.431135299455843
0.657242808133048 0.357076932911306
0.192473938043437 0.472831629150733
0.253418080090193 0.442287839846306
0.598721120241362 0.193366169571042
0.228783563875075 0.451818555330114
0.357840215739778 0.635218459313544
0.792573803584095 0.260201609221282
0.278537839645337 0.339418702852069
0.361069072997739 0.713935002227983
0.317453127065631 0.299046959503296
0.340085151090858 0.367965163172794
0.43450604327647 0.564668254069736
0.599768607283023 0.367811176952966
0.32044333499705 0.73623158055003
0.693054122383297 0.303844974602633
0.647752532778227 0.62505013088455
0.33192364613784 0.726596333331276
0.314692064378281 0.669155770929058
0.662943729822645 0.733708675738003
0.749411633735992 0.740367670092902
0.718240367197719 0.720106034663711
0.556988488872598 0.480869187619942
0.377872558333294 0.185828550743914
0.304592516516144 0.388693260961084
0.465639536338316 0.562126720033341
0.674471074406182 0.659833063554831
0.88956662918319 0.460831688985616
0.400924905823128 0.288231624851606
0.736564505110925 0.515316283695064
0.428172863433704 0.29718965947154
0.291562010370553 0.324477047532475
0.725969691415731 0.328298081429848
0.66216172338511 0.365272316403895
0.748335656203941 0.747353781976499
0.542653036794039 0.349643713838499
0.325455842588063 0.407862724962811
0.670345231516344 0.219790282275106
0.341518490557848 0.678535001129573
0.698818247834067 0.732244502268517
0.685801420597319 0.432507775277995
0.381931981458834 0.258184361533136
0.369603865412693 0.730336883074308
0.657786566787658 0.507399380433851
0.673583088926261 0.787172465330002
0.872480188420668 0.749958651733
0.756829156871482 0.477797946619586
0.404990518557984 0.205831292155797
0.655865127642461 0.227578874913462
0.397930340538996 0.739111896834934
0.702927820729918 0.231135122178601
0.420267810677905 0.675752398436936
0.265971454799702 0.452499336296935
0.311941830908761 0.637297886578473
0.249772378206146 0.353274329555269
0.669941662644671 0.648539589742485
0.884243911168725 0.359737234625974
0.287324386477113 0.560039166185608
0.239117829917019 0.423292705788076
0.417330965259394 0.785322728435921
0.441645068427664 0.539279157553598
0.654911450241563 0.26293996451547
0.725219792911772 0.653817105575607
0.585946357467292 0.398208947533527
0.547093769195309 0.358825890951592
0.465084575639054 0.559692625425976
0.346297018393714 0.250830725442984
0.596586720399818 0.221191192356841
0.331726100610303 0.679852797476937
0.41966989967455 0.32761752190254
0.757745830383531 0.218613236201716
0.270075557801078 0.376952091781555
0.355176459938989 0.689759061380534
0.381674878417487 0.736229008427276
0.220172211998072 0.591173042919655
0.532369173828506 0.675405861108682
0.385471533142437 0.348660559981438
0.606103707881394 0.629010356900069
0.720937215836499 0.260725817358922
0.469357230160747 0.354397187087042
0.642371351367906 0.452179917156637
0.847657515261913 0.869569933991953
0.804187593582223 0.686069652998506
0.380626969618916 0.721045459129276
0.321292042745819 0.616362961819519
0.510491644161506 0.558579141851402
0.633866412027744 0.297251835269573
0.440462262307735 0.360571720798277
0.778544752875606 0.384407945374107
0.370076989184009 0.693250469894559
0.27085254297079 0.711678713931744
0.650177739699143 0.475349893739301
0.63167094181092 0.274652200480387
0.737395065949274 0.787855567094958
0.332900111337259 0.599514989338709
0.620989722072052 0.646992338986601
0.354994603075065 0.677835697266764
0.514638238648523 0.555634952123855
0.711806761062782 0.386977356146233
0.315971202170994 0.629448041430381
0.321652549558855 0.751110983967748
0.625936894008322 0.567369274545196
0.737612886890638 0.342985728265174
0.439563199463895 0.534679721609715
0.542388116976747 0.497024830739876
0.673859844081077 0.500313780449065
0.768425353416393 0.714308475821457
0.63261052526174 0.386539488815641
0.621165804803779 0.296980819209577
0.691180551932503 0.479808752716946
0.634315224176595 0.748325000694732
0.513497806195125 0.142596040570481
0.317768080790956 0.653882689768123
0.880098439343352 0.213890971433502
0.320432610867457 0.66288865897924
0.577140711991579 0.311926806034965
0.669401077316915 0.437925176529159
0.720789961106443 0.32788304047428
0.683514707891 0.714216222398408
0.33045323315667 0.657723966304575
0.691193645236213 0.677062465643148
0.327338816481874 0.673484186137154
0.386538000210455 0.645796114409827
0.638454816484395 0.545287595254055
0.547767272921968 0.602722764934742
0.544082974064439 0.183778769498115
0.243198742214935 0.740633197501035
0.574703437242749 0.174102687976856
0.838263949835669 0.527785164657944
0.401328112699909 0.696191238388422
0.880548803845255 0.199829093123573
0.471108375341148 0.0996721193027001
0.688957049237435 0.666077415291414
0.862458149578365 0.823419598720444
0.541329790320446 0.310700200672964
0.666478480659552 0.609176359625033
0.667157083058234 0.139536644023432
0.243365337991455 0.400255725645102
0.650381865061633 0.605171047307633
0.769855721564808 0.404034305805861
0.703246937977192 0.714313163188088
0.336876177465059 0.710970759265762
0.342190429521075 0.770504326138484
0.78018865145166 0.863696385267979
0.382311337671985 0.232988954723617
0.283972722756212 0.572378441908061
0.730753347464002 0.274227416215344
0.226323747393584 0.312978177254234
0.837097203137727 0.749569667437219
0.513453258877883 0.150805359444879
0.666310918632199 0.311172313233041
0.714496060932862 0.613638621231249
0.548605508793148 0.564471871856646
0.41836303142538 0.333825328295831
0.647953111958546 0.603164962636721
0.665363177513514 0.739926630221092
0.382835989041952 0.32024671704875
0.593327161083385 0.235190480953321
0.574869536335368 0.565284612219226
0.225102679653412 0.401331578760743
0.741081699851699 0.708753384685389
0.568194560996411 0.1153273168764
0.546779279318673 0.0500986485433855
0.228867614404844 0.452666891890868
0.426117748757903 0.507593719807741
0.221233983206067 0.309874689676517
0.254684274218834 0.666251001771943
0.830623436481456 0.449720033372196
0.676128271732775 0.555924559971653
0.288657163020003 0.819606105806083
0.596863651330558 0.520648026981041
0.322240703244185 0.788057780665102
0.326707348010982 0.661928868258985
0.650084518476644 0.276686410421305
0.228385366397116 0.690759314189546
0.735652375734178 0.406049261482129
0.858719035320096 0.377589737346004
0.342992022485914 0.632398571218368
0.30983740488802 0.309911784725887
0.316356416681846 0.681727219937429
0.292831706869412 0.419535713376059
0.770901395031624 0.665674449620685
0.612638934549932 0.288028072334193
0.361737758268997 0.564365598186932
0.209508655817398 0.465651099882803
0.709187366576577 0.75520366430691
0.305129336948302 0.281835495917028
0.523670370644672 0.321598938578876
0.576064517832161 0.638652651262923
0.352761808650927 0.727157635554396
0.331724732113646 0.426146109798188
0.196766497986518 0.82043109992136
0.713588881632685 0.128153858362864
0.165205416667571 0.6869422802977
0.318058285274693 0.340484712032944
0.752064341008187 0.348642020729006
0.771107493296408 0.732648482869614
0.268815451496813 0.593513095064035
0.701582731300275 0.371927935830623
0.92212481242032 0.887209724943014
0.673208918864098 0.407019819202679
0.604864237162654 0.643607998090062
0.527021004443573 0.277324283943442
0.432621476380838 0.621081660730864
0.564046270595696 0.207338010188977
0.387535758448726 0.203563845382844
0.336519922592046 0.419853298991928
0.310556753818191 0.426965840275238
0.564851988210249 0.62594838379742
0.338391338823488 0.405344701019237
0.733768691214055 0.799371509515627
0.252952386792278 0.73341657455939
0.738082954483532 0.434183376774656
0.639415898878216 0.626740774579845
0.68654711875933 0.763613997985657
0.376623457353058 0.68382326152404
0.204360433338368 0.532126551994429
0.392819448168158 0.520063382442226
0.312300197935821 0.621738335364619
0.279403561922263 0.398653948253926
0.749279121780299 0.231038957284474
0.308954780226654 0.329830386273386
0.584401557915451 0.254102430807732
0.722412592258129 0.244218302098159
0.280582083976707 0.698145057688674
0.631593255699523 0.629038401554198
0.42471214169763 0.241716089831486
0.902285246222247 0.303949486036923
0.875410124729798 0.516844801758546
0.665703211673988 0.542406131543558
0.496581278957191 0.261422946865055
0.305347250210215 0.691830671244849
0.753212522366033 0.330976397536911
0.621066944736245 0.5077620394748
0.799509631781402 0.765263681047084
0.490197125503466 0.269224188780506
0.305721759801099 0.799657463541766
0.100765020014943 0.549358013143843
0.529064703973023 0.377399172016118
0.595402612267268 0.471751218344993
0.630558101998689 0.368991656823853
0.658280240560733 0.389509474266554
0.359104628582818 0.76462320919261
0.749096775815454 0.473908836830254
0.377779771813063 0.302658634447383
0.724598501904809 0.449683265969504
0.534367397728537 0.422518851973088
0.753129098947368 0.379112036328257
0.25848266617536 0.510342464949872
0.390677238531176 0.648895466787026
0.736818621683261 0.59410529604284
0.499160624045615 0.402414441539281
0.661195447112964 0.531435696585037
0.700223618158141 0.786937925622697
0.408845636807033 0.667509299345089
0.196435962466218 0.615734111637477
0.452853609752008 0.675735318274631
0.255118442723629 0.531150587045622
0.69123690579265 0.269106944846778
0.80110344776549 0.770506932459544
0.650460300572021 0.513226757362311
0.633756840834957 0.616363744766818
0.432327862968869 0.548906793349025
0.457035671299017 0.284519830076469
0.701771778435557 0.351123710945933
0.700708169961443 0.488933147612208
0.253688722196396 0.338210472046882
0.279233302332172 0.626469166922863
0.376670758516054 0.53836338613993
0.377843818779028 0.363405218558446
0.719385451446186 0.690486109973173
0.620564085288067 0.405905582117057
0.334757721252153 0.177726498049124
0.286371176930773 0.744766952862369
0.535519927601116 0.287887974434463
0.640685773621515 0.68245949586135
0.739198272444278 0.686087976157621
0.338593290303896 0.709113042675207
0.633130780068076 0.270659120443023
0.450215019319823 0.29774101177675
0.41816482383701 0.721853990434656
0.332042773414658 0.72235206955518
0.547564376329037 0.59867101111112
0.216121622423877 0.401417164888153
0.679242005518766 0.366524289798142
0.801626366696155 0.354992298845053
0.261128416586884 0.76678892656953
0.370134233575876 0.189548680919967
0.750947462767085 0.176280353996798
0.612322120101523 0.130117430350775
0.839130881754018 0.350762603599629
0.608357233695869 0.561513191033986
0.290469593188078 0.759950671199028
0.182401208949741 0.422579845751387
0.792896468503526 0.670999170506135
0.769442101534183 0.703991176711976
0.24804353886281 0.377865434099056
0.338033682660603 0.293710955628935
0.0869574907313703 0.416933451276701
0.692312017165552 0.776655649364715
0.333521921675558 0.814235714175384
0.459787792467424 0.295654698299998
0.388513795754199 0.40150096883172
0.45104279860091 0.346971936172094
0.498872653696021 0.656681054537445
0.325794225904809 0.580946313477765
0.206667266866597 0.45793771652146
0.444413910531624 0.617883168791299
0.319221799684319 0.422684277247543
0.673975357929282 0.659121735289907
0.354121999613051 0.407621378192939
0.689599874567084 0.319002342545364
0.385564095728714 0.707450432941618
0.439750101836607 0.289213460699038
0.42070149712714 0.495737346784138
0.356614681906258 0.864782472641308
0.264655705969177 0.632973372521542
0.556294584188885 0.194643334907287
0.614554203011045 0.534217231824118
0.437390665133261 0.278647714236809
0.849966621550051 0.840254073603383
0.543684718457368 0.257469411436685
0.557546368171117 0.383392110592008
0.479780050618417 0.673012527394905
0.300660546917531 0.61738196778001
0.411196407934419 0.263957700292054
0.779756450747533 0.822171988683684
0.450602182726255 0.717775901061527
0.791767598885118 0.79073394555249
0.696524210748864 0.437419563487947
0.306093586937036 0.780829589419372
0.418510487111782 0.458000344217543
0.421684020641517 0.698265099990575
0.433424114603812 0.157699369809942
0.330951049145007 0.591823866630728
0.343586522169504 0.613677273558252
0.847844767885989 0.726553613226102
0.2789200468851 0.689068298837683
0.2307589207173 0.705348081251218
0.644307183948282 0.551939149052757
0.665062720771449 0.377639859084147
0.330495424992151 0.398265694373609
0.408224851257957 0.100847884490537
0.24564596257255 0.65799347265617
0.293915099472691 0.370371191915028
0.686049123057687 0.452253577328814
0.289332297366261 0.531601138250963
0.225249730181424 0.805903005438376
0.528930500021088 0.487756923328381
0.383400615052282 0.266150705315754
0.499852221645814 0.606364895397076
0.781382376756247 0.737397549966551
0.33994374000162 0.349739955586217
0.244054932924586 0.445960794986615
0.670247099676426 0.726728254541153
0.195381239302765 0.633005906820075
0.781656282051129 0.441729530294415
0.593966105971263 0.604332676137687
0.158080634943862 0.552660416638875
0.700874680683018 0.308440356437564
0.453076336750458 0.636555488340378
0.369412302975345 0.510738088314691
0.376227575611988 0.735826364667115
0.306882453755588 0.421878127862044
0.90136832472757 0.416223634301905
0.47190088416773 0.197195675395674
0.777306734965866 0.0512763793993436
0.42641778097802 0.126823160937135
0.719771253612518 0.677726125257826
0.445262478773393 0.652720980993282
0.79893497392267 0.283745560941738
0.631819168226821 0.0497863210228733
0.714135005371353 0.372983237688178
0.842291460127904 0.744457415695137
0.139417854748966 0.472339707025474
0.629022005155125 0.792918302891062
0.691143811360462 0.304034321355644
0.368831748651779 0.703139616453585
0.667515206831009 0.690663323243201
0.778467309031024 0.451235507131634
0.737136657026599 0.167455530544038
0.672917311792407 0.712362046192423
0.654524083824559 0.298446563902005
0.195612587093857 0.60254158688442
0.542328393712194 0.405350504609132
0.322564064458527 0.735254480459175
0.710344873730976 0.748728348586931
0.570367552707769 0.670454217241401
0.274554165300578 0.577183733578431
0.673659695741028 0.420341760157791
0.284681841076105 0.328817024051644
0.642279545563286 0.581346190126202
0.294534356779887 0.645144966417165
0.834836297692525 0.807228847474151
0.226260086490316 0.337846821188766
0.689894576297035 0.458284276163055
0.410086166065013 0.756041916369495
0.319911328055417 0.562674152005487
0.60678102161465 0.456650935831619
0.339202588738594 0.623081773655116
0.609373343543632 0.408265449854659
0.576975897313643 0.59070688822114
0.595274985238737 0.443556420176818
0.388970637967634 0.351368357987533
0.311651142972456 0.571098021597328
0.58591018161587 0.454913777584505
0.306090964987097 0.542927121382769
0.912459037221592 0.282852391218468
0.698340999612252 0.490956551148344
0.260338000268461 0.587054534626497
0.448600154438598 0.257803269546542
0.485802545396473 0.293659405682964
0.169901335029468 0.692162694039688
0.319107941625322 0.408341438896506
0.291774012995791 0.313680831497494
0.455196471046824 0.325018242731234
0.814647312900721 0.273143285173238
0.302825662653121 0.686006561560623
0.324105180450631 0.492188863376371
0.41210381810887 0.291555787265511
0.646753577106583 0.595336935455661
0.599996185870367 0.401081779809351
0.323094338740925 0.686495804409881
0.528106671810586 0.314537530175281
0.675402965448102 0.590258661585839
0.711374401595977 0.276367589834349
0.827821489890597 0.411299759745472
0.607993082850672 0.414374681592178
0.571802912564208 0.640017236423264
0.732256650798065 0.612637579407196
0.341516331313142 0.737639790566375
0.623589426807841 0.19262223865358
0.784236678082666 0.792665885077144
0.409983700697448 0.279186132259847
0.32253157979132 0.161394866106449
0.693793193990774 0.352748389751379
0.472449140526579 0.649679696798985
0.768796813604958 0.767319450502044
0.684532159231749 0.668527858141566
0.330035047238903 0.86809986950253
0.628908829873284 0.47372454638674
0.564655298803995 0.168761267312391
0.280404183729521 0.79768614820756
0.44861955073598 0.591990390227743
0.809943500184175 0.920724758868483
0.600942277915042 0.597595712625989
0.716390401666911 0.29933699160735
0.344812092900896 0.371633081472182
0.364574099921469 0.309690356962105
0.607866033243512 0.426977942315968
0.254983481879729 0.769157264860973
0.85759965789702 0.85221210558677
0.251073567426255 0.337463092788109
0.405130214279447 0.506352318041754
0.209742722629733 0.666765351494376
0.490283177994979 0.290831274520644
0.383763448813537 0.277378638484029
0.740308280564377 0.717385107892666
0.338706918348971 0.750971360767825
0.685924269584573 0.784881528385236
0.872439093450199 0.259202245643065
0.616607933826455 0.599608194238101
0.751731180417701 0.561014474109091
0.691722635078326 0.434318625696336
0.346607521157873 0.41645536614325
0.362088846832416 0.520365576937019
0.416372630639373 0.671374219291782
0.404574969396324 0.693774828920465
0.329286601822058 0.692663948659464
0.682580169222382 0.670377504987292
0.207405462013993 0.466615681339709
0.721814828125564 0.875882169013045
0.295938817713784 0.759635600313232
0.434476044195693 0.22355681100122
0.726457067572474 0.296003820582893
0.557224999360818 0.542683894787444
0.400198208152643 0.743456264748243
0.277746135703577 0.248029947429853
0.293894154835993 0.578280822978937
0.685653792407383 0.193919925124259
0.254377571488329 0.403477609876959
0.87920789136283 0.773094130938229
0.592392807577804 0.576128026107188
0.299363317442533 0.477799011298051
0.299920193295039 0.377300752996556
0.373962250845661 0.357406963228394
0.799395832490719 0.669743323289902
0.296524512479638 0.625019218739937
0.607421296116798 0.690430912426587
0.686733018966393 0.367462649493607
0.364533639202526 0.607133692503395
0.237126966885587 0.798621156344323
0.643314744222321 0.279796356888271
0.345003221550153 0.635941410777021
0.65459700542872 0.293170715401256
0.277557851582703 0.477517709477328
0.287225133249291 0.438141981553182
0.685674616816414 0.225356814503097
0.241652638279329 0.764340617140089
0.700564133319022 0.64747877366106
0.572270505893291 0.559701239302599
0.415729510855585 0.315824722452467
0.637408731141662 0.552206799481861
0.658347783139817 0.511507619239619
0.413675297970143 0.633252290594835
0.844101508948999 0.792413699125365
0.714715846127731 0.757361024094572
0.760669176757096 0.730483567440596
0.449455308212256 0.330692748539147
0.707266011730921 0.705542888940327
0.413243665413282 0.704490209943803
0.382963009404605 0.384690063051408
0.183344330608203 0.449424500305806
0.715691720795776 0.6678334419086
0.778607067922576 0.78325983570007
0.536985392215324 0.550269267905167
0.870018967219644 0.81670261933925
0.7579433629812 0.679273957308621
0.366113997926616 0.901575565445327
0.666282460883323 0.654210624063342
0.292789536067231 0.667044031495768
0.209082519973982 0.434422401626362
0.223839562300313 0.341066349330963
0.47445691206593 0.255404764956181
0.846336201638292 0.29227777293824
0.326956610875738 0.662846615882804
0.399791317094122 0.192219980203533
0.26577951524119 0.48141742723036
0.427590653551983 0.591549343384801
0.220764901569509 0.687864879922001
0.263713455722143 0.297085625472017
0.438788419270842 0.233241742227909
0.603862122011639 0.422246341680001
0.580831580098971 0.277128140094269
0.713252959141678 0.583289173182273
0.336002857290587 0.601115334016985
0.366615063121476 0.485112258318855
0.65567108002092 0.607520058205827
0.573456495876579 0.525260979153712
0.692172711962011 0.268496193714291
0.277118661216471 0.700219066257465
0.749348645956154 0.474895178539688
0.540858599099335 0.371376057689249
0.747343957880293 0.284044434910099
0.319958591556204 0.184729523091434
0.726351763329576 0.0670262967164218
0.52964959451286 0.738541558531893
0.925636692498349 0.179506741560235
0.536318279382861 0.597381612138565
0.3155727929258 0.589810916672418
0.695472454051548 0.653349686149603
0.551388347850637 0.664027016838368
0.499188490644755 0.273074594593823
0.712333943202497 0.742797270472711
0.682176489919175 0.691688522223091
0.464205039140559 0.678146454142404
0.250453899167476 0.720655209602447
0.772060355277053 0.818522815588765
0.53818707047448 0.263524285042137
0.417936907739353 0.57156779030564
0.884447456286867 0.443511981994863
0.399117439744005 0.283266207273032
0.450661420524719 0.415703709822354
0.708322727031811 0.447210906278063
0.253979906316236 0.582467127688492
0.265685913414167 0.665282391165117
0.609921437187008 0.411288563127599
0.199613079038076 0.715384886961561
0.42888390512762 0.297474351879838
0.29262183673667 0.400405428198299
0.576262343520376 0.267312870935092
0.204222398588493 0.474612929521758
0.868997659634453 0.415948433575274
0.358490998161141 0.654061774501949
0.430479319109382 0.21190781398864
0.318978376833167 0.367065367898221
0.213120015212225 0.583606289485105
0.656181246851664 0.729752501558794
0.380837635141708 0.257398462296212
0.370391639235782 0.618176875135125
0.849702599450089 0.118759637170412
0.674734887544415 0.288499252468712
0.397399846808239 0.584413948936916
0.317999230982605 0.681932316023713
0.589055970951197 0.308512294196265
0.609255094185592 0.595848875482674
0.252121975555223 0.729887647452611
0.236613183592876 0.3130243479473
0.410348244742263 0.328487683951298
0.375858663093744 0.372312196812234
0.626485415486679 0.65211331282288
0.405417141390302 0.641237095722852
0.342647366681421 0.43170124792875
0.797803435377376 0.314768649776402
0.419825661310146 0.283826548501733
0.620333587626669 0.505742982822413
0.801502948416652 0.482104378240561
0.643680422200249 0.448181185029777
0.34954254820661 0.756634518056361
0.902594477046656 0.544236045352358
0.279853988680118 0.692864426215135
0.405238765014744 0.525899974726694
0.473499083687011 0.801113909055016
0.601005363971079 0.439163886391724
0.780634107467684 0.728255188253525
0.664349374717907 0.477578039846356
0.333212182318411 0.678989931306367
0.292421974366738 0.62411986671034
0.93215025116214 0.323864898155397
0.511642988672048 0.341154646920534
0.380461922797794 0.736106162009045
0.702966017680429 0.751072875609355
0.83855466360486 0.814321079693488
0.243621173571016 0.786192701891824
0.65305392840181 0.641221977303082
0.534186813888709 0.636735894399016
0.824326098412434 0.414312697820897
0.412027389337296 0.718053061899923
0.594870968233212 0.351559083266327
0.272133714769214 0.582812852760785
0.517245042379664 0.174126116972584
0.461773642521568 0.295957257523221
0.749320495677611 0.32345229697901
0.271533031941836 0.625773204923368
0.314972691077327 0.375660007487012
0.994881898688698 0.42262487871666
0.339642366045815 0.339181569289027
0.729482359868738 0.237803369699447
0.260338971800217 0.463242248226014
0.316489243421249 0.385030112661339
0.315344832442264 0.560200518466987
0.286917319031116 0.605139169937507
0.522611897846695 0.0875723801957094
0.415447049426716 0.397197355715571
0.307441634528705 0.492506170709206
0.476807801847433 0.257727671845349
0.37329103145647 0.277804061048202
0.710742610322958 0.665543139611649
0.595519909939059 0.302367339196005
0.872735451417364 0.853120018695245
0.503495014178365 0.39713542245962
0.255582251689942 0.566258689594942
0.72997190369746 0.688690523884663
0.114561760962197 0.40302891615452
0.426762201347283 0.629278021539195
0.262796366291884 0.276812492567512
0.347265490711994 0.128252302931447
0.83011172021301 0.76494961207574
0.272256042899572 0.37506444129115
0.907021351773909 0.372454049195885
0.621119058936347 0.644971258436961
0.471232129691648 0.232352432284606
0.528128659577175 0.0849724039606223
0.635067756788381 0.614527887115564
0.36467432037242 0.662374104033458
0.363947672478751 0.589086782594264
0.731565711425384 0.451677083987334
0.250614294270977 0.380177350656971
0.275802177416441 0.578342277190622
0.241834343813303 0.575666452983071
0.501893428726948 0.200101092734817
0.213395058811487 0.457593470778886
0.716588644314888 0.393333863430353
0.729785864371156 0.772365334879061
0.533695824638019 0.559642003229466
0.309235057352723 0.574982054115195
0.725557172022859 0.707098248528686
0.199274539900502 0.455840890685164
0.688165179941208 0.597411058257589
0.686926754578687 0.742247591401726
0.383845539115305 0.553068309310374
0.334211733284012 0.568215047830215
0.82477610578527 0.291927870608853
0.612477108554608 0.482184789607945
0.258321493360803 0.409100742782024
0.322444341485285 0.668937002286908
0.670558353472793 0.260322538636752
0.516082180666537 0.320820500146328
0.631362118279773 0.207604964661552
0.516193965978383 0.435385629384569
0.296051198838868 0.388223946767224
0.908034796103539 0.567972351020253
0.755548274704146 0.420024325858399
0.449158127276001 0.586763264076851
0.407463103872726 0.664750304900809
0.745791262478365 0.735536767322001
0.560836750707402 0.450563517745349
0.547153674059222 0.529405949061701
0.36002749594294 0.696412738153352
0.605677351405461 0.611428526923017
0.406326096329935 0.481164949439115
0.608988359738227 0.381632388766633
0.267324532394959 0.736063409158121
0.754412297210064 0.402713979210912
0.355086415646473 0.358192501431087
0.282849967837876 0.239822376212941
0.426558726214525 0.635009755025094
0.578243386883163 0.169340703814661
0.858119295491747 0.284150044271207
0.328468134896244 0.683374059544741
0.749923954684996 0.221849264719351
0.593653053351754 0.588763056525158
0.166940866987603 0.451808942789395
0.983842988929699 0.486225498825928
0.610720923837956 0.646295164826573
0.205484898264918 0.526811777995732
0.327953708071826 0.662726594469254
0.53493253884324 0.423834181130717
0.304499174996094 0.737541251703214
0.313331098267307 0.617464176715488
0.670207677551126 0.237947783745563
0.378188316882347 0.75168681988027
0.233343794323064 0.394839243741861
0.408097343574645 0.254216369294316
0.762533734367704 0.408343178373224
0.297930333558195 0.470804108389168
0.368415350713832 0.242732780514371
0.636285259186918 0.132318859815629
0.202921993588146 0.70049715686703
0.303310085061232 0.613225847652026
0.774759302895697 0.37727512080298
0.480707355477154 0.409312509308871
0.69146039879839 0.764721008326402
0.321806658710569 0.672989892769464
0.762502594609229 0.286585969095937
0.4130537941521 0.274583473789622
0.538302152224938 0.426090850771338
0.321473604726472 0.712573632492104
0.719385742951779 0.323190127695519
0.302982194452523 0.538069936317105
0.779511690438452 0.280156286123036
0.727498006074774 0.763243070806641
0.764471381453653 0.391073739756608
0.768181795012489 0.734539651268751
0.778038625551201 0.710343313087785
0.396000692665573 0.734776935843805
0.634480512846298 0.416455346271936
0.545389271357795 0.582838472718433
0.662069880160868 0.640610396658861
0.768433738323727 0.165227051125952
0.658884447967478 0.747792090836499
0.557695566927918 0.639065606349496
0.264866886575289 0.377881066167646
0.501239015032197 0.546368977313635
0.758325205903976 0.82414408642052
0.339312955498113 0.215423016480496
0.719106544556712 0.772328550250364
0.308130833590333 0.295843926035141
0.672338030965352 0.594473983945131
0.667864688275072 0.612649481044191
0.696465338480398 0.724913076730321
0.703833653900513 0.350945575938654
0.762830206904109 0.582819015607408
0.496264411206403 0.620988352517308
0.677535005634798 0.278956672821455
0.265806938683519 0.441567374579629
0.572480121806735 0.657239195282988
0.24861105693588 0.504303582234264
0.343572946360664 0.741144566905857
0.378478246858378 0.560754127348806
0.628246105734918 0.722870948380409
0.3546785656148 0.689669226617925
0.720862975931912 0.155116444295763
0.761759998293875 0.815070289582269
0.31329614742781 0.262483380044137
0.670800910810718 0.412875397792711
0.798850176282531 0.717885995711997
0.863805195223868 0.680873678669635
0.379598598142251 0.291043107998844
0.576158179516956 0.559186933595826
0.474549901467256 0.34841447788986
0.608427623578728 0.32627842595434
0.576769502626215 0.436041170823065
0.497829854730378 0.149305011563427
0.641398228810591 0.672697731017073
0.171497984405002 0.71161192928909
0.328286702094746 0.722426620540093
0.374294279565682 0.657446991868285
0.744711164566524 0.747053568830048
0.552213539593184 0.177657815668079
0.61613050661564 0.302879088362144
0.648830348439558 0.554344216357338
0.303065657815585 0.337661450851907
0.634236224539148 0.745798534231032
0.245972156716529 0.43998329371376
0.641157267435477 0.204527937396555
0.496815333845022 0.599940904781993
0.428166240027919 0.484266311824362
0.768907608067757 0.773647790246646
0.293144524530629 0.599193776025942
0.315633353315067 0.410508328182946
0.399377378898018 0.626555018386575
0.560310149690649 0.638362159644277
0.593514807496007 0.530566167301683
0.275843193720122 0.370722206368607
0.296181445291749 0.643766524923619
0.748847172071013 0.839636001105547
0.70529529624772 0.309385593449249
0.322340734555869 0.700112595431667
0.346389252636207 0.522379461827349
0.277255578461336 0.60877540151328
0.286985644675602 0.403670286647748
0.246034118695383 0.658279385648483
0.23797532343671 0.384574117619585
0.591186475692809 0.0373492386835468
0.720716311706595 0.693973098897649
0.333535461897127 0.672877033508139
0.344725314559991 0.420298320060904
0.670967814619701 0.475739878966593
0.638475649906248 0.608747257552336
0.755774075862766 0.301404401132203
0.387594332446133 0.6545500300671
0.28051017913884 0.825190793955977
0.257249589751413 0.42247004545827
0.372375666057503 0.324534286567305
0.670232706512378 0.301104737733526
0.290110663549855 0.35530501804184
0.478848297807476 0.303427751531425
0.446944815973908 0.151672930856373
0.181890731183377 0.345140511586254
0.26003411914615 0.198157128049383
0.697198406835857 0.683259313825671
0.779801943337488 0.496511088678934
0.550690041169829 0.302169665581535
0.737727831003679 0.738322901061647
0.329691745571053 0.418300718768502
0.344589056050521 0.585483257971551
0.290947217314955 0.652897427550729
0.75578578260328 0.324284459374348
0.616026873258219 0.402373008498706
0.231778649560008 0.512851823232923
0.690554292364576 0.750677355150056
0.343176601828192 0.261244343001436
0.61617467462114 0.167047395189872
0.321280712794724 0.405143725439776
0.209828846995109 0.655026967310659
0.321948816319461 0.432019909723432
0.362413509437676 0.189901041037214
0.639619748490437 0.559472758747547
0.605128110232489 0.640901246161123
0.737495475115511 0.240178373175506
0.785832317422406 0.698893876254893
0.694800445584623 0.30964300306758
0.653460051948161 0.657116079199339
0.557948281071686 0.572783286596108
0.275810708912592 0.79108840524292
0.460179865898359 0.808716138976062
0.597262747349058 0.666199898747023
0.477768513831104 0.174363934260535
0.649866494731915 0.652446867665342
0.626838928260656 0.269461644405025
0.562282077745218 0.623024163085874
0.546589580028899 0.142038180821111
0.701095027623465 0.682597134236801
0.703110634577044 0.605707752946282
0.291848636625878 0.303555688688782
0.667837456968624 0.446311891164883
0.682883822266185 0.604232108568229
0.725267789914046 0.629221850240138
0.704892446220512 0.537730073016249
0.347537379193358 0.676135750164384
0.538488990625642 0.571370278113174
0.765562779702249 0.913021850741828
0.321106305727463 0.344738648818992
0.69299781141468 0.256751332318231
0.63894860444885 0.599328109921119
0.322012668677542 0.0798970739587359
0.857940476992206 0.367641001618069
0.573218961048868 0.459033301651873
0.574827934342685 0.656146425752727
0.296869981815731 0.655590321067322
0.491130030443519 0.685767888789904
0.807964831870599 0.719857045401077
0.453736220999345 0.518821065664632
0.725867826673032 0.16368791840643
0.66855518132738 0.351327118987367
0.380048961468296 0.718769953424651
0.346941653072501 0.382544371031944
0.359940277562238 0.291098209222587
0.551285369130241 0.342343877002544
0.430917275823382 0.726362812267538
0.118788062398878 0.393867258351975
0.791664169638732 0.429778240439208
0.798605291109603 0.123876284911044
0.462424366153627 0.247515111102506
0.588395067360269 0.743245952495192
0.446932965302942 0.320205987161244
0.484438864384619 0.177166735717595
0.594860873819423 0.579335516523476
0.806616924005527 0.314126877067484
0.474120305456352 0.724302381414487
0.386903936620035 0.614354954625815
0.178946149264673 0.288962659548579
0.204755857969075 0.769306317863293
0.294257382258165 0.369825035660865
0.303070531278651 0.635917937280744
0.363631375125681 0.298966723345458
0.322751380686138 0.68947502991201
0.622920001495303 0.625050469644721
0.70937412295527 0.352610290724356
0.377349521730308 0.685342205521098
0.681756018790952 0.671732536073031
0.32025995789629 0.590248414045051
0.763795925134409 0.687456329874323
0.407498377947192 0.336576001075459
0.519363308854771 0.520544290717733
0.52662797725699 0.406690597096226
0.185597311323494 0.76129699045429
0.621092627168024 0.651186369425037
0.243190299903721 0.454783046782586
0.504178273111778 0.593279996370919
0.663949363201019 0.577926628066107
0.208679893571583 0.380228149406132
0.421327513937989 0.733166181303262
0.307672888252643 0.630561589726194
0.424843781784788 0.272623732631328
0.33591520128557 0.253281946830299
0.43952922324203 0.478493302662047
0.227326671436686 0.609987053068941
0.444708736333046 0.696844642281214
0.150582582744342 0.585359037551793
0.240089149498724 0.412650828684055
0.51091803231209 0.184411246069407
0.264885022823455 0.411576247240962
0.261546322634396 0.603464611822045
0.538015858326622 0.477965290599508
0.207427888172988 0.472887544387643
0.583346626294287 0.282627309597229
0.336096153069789 0.242456262058281
0.383482822021274 0.402882382861396
0.612865980573462 0.466463573517011
0.826600949400536 0.632365318255503
0.569066399694113 0.519114339107338
0.301680411951598 0.650162275516384
0.8299725944565 0.773125181260883
0.298328684534999 0.385343115189954
0.354656115655346 0.544012836010583
0.498813119960416 0.480078762597785
0.506371933552936 0.252440148251515
0.70807315447845 0.510968185833269
0.414009508915789 0.181246533541198
0.658572671799974 0.671446735582581
0.708391690038845 0.720006328950783
0.630756844106717 0.782918133444832
0.537566670380449 0.609413157378119
0.765721342904025 0.751684017250933
0.683198378716361 0.308933251415629
0.31464638593202 0.34641930172432
0.653055278397686 0.63345523882429
0.351269291795427 0.723262977308787
0.838647063428866 0.294951757706053
0.699145144422264 0.440293763098062
0.642275201479396 0.655467264411748
0.43012928168656 0.255654856981249
0.41601837822481 0.651345209558459
0.726243362428299 0.245885853133017
0.643853476084518 0.699157984243059
0.507610405971611 0.545189793408557
0.72859544031374 0.210399694446591
0.779522728912647 0.698456615092521
0.353969533980639 0.307197226855747
0.731464202698926 0.743152644852844
0.258286781596224 0.418180011625619
0.314841383120549 0.62415237026304
0.359234385801528 0.619195966635172
0.54958161921111 0.340293314862946
0.472709822970076 0.497515774178283
0.685454881750387 0.688639601102319
0.684802329848453 0.177668885102059
0.511973301785059 0.323531280273838
0.697101855924193 0.802648172744923
0.414821275389413 0.238367517898016
0.753896080166309 0.721647415221494
0.567593632712419 0.203506629643734
0.69019226742677 0.452933483507888
0.826185314270152 0.832907515602721
0.313652502264944 0.485268077155568
0.758332319756591 0.681540047570483
0.23136405550603 0.567343892136943
