-0.458039270808632 0.654302664357237
0.113649133275714 0.528169135516509
-0.25992429425488 -0.875375498237554
-0.693374282405088 -0.00403425830882043
0.298831088019197 -0.804999291116837
1.04494397657965 -0.280013213597704
2.37613040787223 -0.913415210926905
-0.207942751262159 0.474822454084642
1.35043569165873 0.0906856173998677
2.93006873692927 0.65036672083661
0.367317849975671 0.790562840364873
0.440587089993849 0.639952718454879
0.174683041096102 -0.232488470932003
2.57043379595401 0.248788309714291
2.52435379984985 0.726865859492682
2.30348307832392 0.754261319502257
0.0308663216904151 0.671587555739097
1.50354857128372 -0.8794294700725
1.54305228437883 0.656942127051298
1.70234445935518 0.566253621131182
0.4563816464665 0.574676305393223
1.40573088716121 0.604188344767317
3.32620090365682 -0.481749481859151
2.54086904790107 0.81065685688518
1.16812190141946 -0.770580052118748
3.27595666198917 -0.316425909323152
2.03469365359 0.811733432847541
2.66319080415679 0.586945863289293
3.15121759673049 0.478892285213806
-0.0427885872851822 -0.824938596063293
3.11613314533272 0.49983708638465
1.60245629027229 0.414965567050967
2.64519257409929 0.611700303922407
2.94906226025173 0.105392782285344
2.6557229614278 0.924371005117428
3.09186083691779 -0.15635934327729
0.829125630795219 0.482860975060612
-0.250550981460384 -0.465430846158415
0.249750971846052 0.209661884966772
1.75696668198224 0.669277357647661
1.93160952204107 0.814489960297942
0.831143402201323 0.403161250869743
1.6635985467751 -0.758951113396324
0.806199850830094 0.710190908494405
3.20064336447913 0.385480425029527
1.05294118667941 0.486825640965253
-0.558079313258342 0.712229547346942
1.70389098382571 0.606036598864011
0.321107485833222 -0.400177837605588
2.05370418626904 0.616836539597716
0.729174632221168 -0.669062067696359
-0.671457391677584 0.211310696345754
0.890855708363355 -0.905911552067846
2.29334091999076 0.496527552895713
0.541714865800176 -0.274048095371109
2.48312557754034 -0.514104260632303
1.83570479319163 0.427057375852019
0.800635204933705 0.746768294670619
0.708407897361054 0.899924915959127
2.62473744382495 0.24287844854407
2.71085820050878 0.262947658076882
2.09687771828765 0.300164378539193
0.184741515980168 -0.918125383835286
1.75517245490636 0.831235761020798
-0.625475660635036 -0.620125995588023
-0.849685421966055 -0.11164427063195
-0.274472517214081 0.404400368337519
1.59151377420178 0.673503364424687
1.18210519217321 -0.326854017470032
0.615139448112316 0.746167209802661
-0.238290148861062 -0.301317862537689
0.345695129319191 0.795871749764774
3.26120833394253 0.593906934338156
-0.307620660945415 -0.730870703654364
1.62011821516499 0.609288315428421
-0.31687708957795 -0.407588608097285
3.00505148557282 0.636929760116618
-0.117810279811516 -0.207520396099426
2.72604373860003 -0.906802744558081
-0.405177729166683 0.256838224537205
3.23174732246423 0.594549484935123
1.8103397192035 0.687823158327956
1.1054666483591 0.648716828308534
0.0159944937782671 -0.900497766037006
1.23941221292663 0.624469666276127
0.0673477307507333 -0.469081427482888
2.24429491543945 0.16733362080995
3.04721511544729 0.205005501164123
2.57661258535705 0.152300356375053
-0.393229709975785 0.805687727231998
-0.0322818694513903 0.30611920991214
2.98390581864407 0.433943227783311
1.27735547837842 0.154655417415779
1.70164472979137 0.309766113606747
1.62258682187481 0.317210618103854
-0.1777468675139 0.477992707141675
-0.436910945485959 0.423749979678541
-0.11769561030959 0.675566774944309
-0.27304935930531 -0.474734309420455
0.250515769798106 0.423581931635272
1.78039532004957 0.521704208094161
-0.359635946954904 -0.536730609601364
0.223327849832697 0.571983199182432
2.44265157573225 0.339980761194602
2.07973359666536 0.799293432873674
0.0507356658013773 -0.355451641185209
2.68454119534991 0.164722361462191
3.07895581293462 0.315389571490232
2.08154301834905 0.798757697653491
-0.185220952291997 -0.324813723296393
1.79664999966377 0.222873182734474
0.287077347935911 0.631125127058476
0.293676831856795 0.897129940090235
0.145691321431696 0.352967542631086
1.31908853713899 0.185597833408974
-0.25137315657823 -0.203882900986355
2.33950990442735 0.555389701353852
1.37097583135052 -0.68046944278758
-0.536627708163082 0.683218478434719
3.36545436319753 0.639556667697616
0.931994164735234 -0.85667960132705
1.22023974951675 0.346982715185732
2.53002891718991 -0.278204464947339
2.59699345736338 0.172197502106428
1.94860695904404 -0.487953663256485
-0.821228597738543 -0.4062060014694
-0.364360603504979 -0.284786865895148
1.3111342235802 0.90229726547841
2.84491087867929 0.491381717822514
1.22680053192531 -0.268731119134463
1.0207658603928 0.280462825600989
0.0408133788761639 0.584214822528884
1.56322347968449 0.85487224481767
2.054860170136 -0.827346407272853
2.22992287156423 0.886694709712174
-0.00202127481131131 0.231109466985799
2.91806254579946 0.543023876822554
-0.181510226285014 -0.345592220046092
2.47751251410599 0.842313278815709
0.977379616993445 -0.36790803456679
-0.39235268844365 0.38650155311916
-0.91272461810422 -0.111303608305752
-0.235682358897508 0.502978332340717
-0.66746975439575 0.396602239785716
1.86552672053472 0.398352473287377
1.26197830705702 0.20962078407174
-0.631360560712827 0.3060029493412
0.207116522213945 0.71441427959362
1.05995227420631 0.239111921517178
1.73326560134533 0.208265775605105
1.61263202398265 0.424363542126957
0.464911389901082 0.839745329180732
0.709790980324912 -0.671746696578339
0.387574124380298 0.651819083979353
0.93907139717915 0.88892803164199
2.22596058118264 0.508366017020307
0.280638874748012 -0.378930626972578
0.0251449196724076 0.268368829519022
2.65784083486159 0.701245691091753
1.21105939794052 -0.621132403681986
0.8841324822065 0.903143717779312
0.541142699846515 0.327811263862532
0.0283563494130028 0.211064621643163
-0.741997375758762 0.507414905610494
2.62292697388905 0.491764258092735
0.982587471362291 -0.617409232025966
1.78548107929167 0.535421626642346
2.19962107495663 0.686646631639451
1.68917561917088 -0.843224495393224
2.20444647581609 -0.437701753876172
1.66590708799672 -0.496439688641112
1.85093284811014 0.860976645199116
1.45641104623106 0.77949404240353
0.582554662188346 -0.487222777178977
0.26693407976596 -0.6948395428597
0.733314620541594 0.178045004233718
0.922851046310321 -0.912978556344751
3.25063779693822 0.679893183428794
0.00917399627867077 0.592349903041031
2.82518158429644 0.519524546479806
2.36694165513009 0.502511816937476
0.187723496640328 -0.626935346529353
3.17474568747466 0.548714382317849
1.90225846898897 0.282420118968003
2.94753353789114 0.762342722469475
2.19963673410779 0.568652182270307
1.82697736534454 0.882714543747716
-0.72195931151458 -0.15354836898623
-0.677172445609416 -0.25885556259891
1.29737851464449 0.919962994428351
-0.171807154347758 0.495795650710352
2.51413031411041 -0.609847173455637
2.63519318711248 0.774948904966004
1.68939363947447 0.42337064925814
-0.329213303428388 0.844432318117469
2.92121165906636 -0.102364986343309
3.396741954168 0.559273273753934
-0.555118155249925 -0.308803893066943
2.48620662611424 0.776210705889389
0.73182822414152 0.607119942130521
-0.801326539675372 0.432396821898874
0.389038626649241 -0.583013347140513
-0.294700609994014 -0.492015237163287
-0.264820893455355 0.287911075784359
0.495004080388475 -0.133049630117603
-0.214330585182923 0.577835029351991
-0.63607739374658 0.0675177742610685
1.80559907731202 0.360140101087745
0.12179328147389 0.507263487449381
2.950881373724 0.890910565317608
1.00227945786293 -0.605203371471725
0.50870237782257 0.354469819972292
1.07291266368049 -0.202983635198325
0.553246341067276 0.177599007834215
1.93111502369982 -0.65333341161022
1.24660447943803 0.625528458843473
-0.271253279105317 0.411597540380899
0.0609764406332999 0.602861661976203
2.66072149558253 0.447711538302246
2.19058667785871 0.103833757969551
2.15710388213105 0.293303640279919
-0.831813955696198 0.368188367050607
0.539620480083265 0.256757296866272
2.10978391271815 0.239314555993769
0.646316009177194 0.233114998124074
0.903495652789403 -0.416088796965778
1.04248870933376 0.373467158479616
1.62420253907084 -0.67609442739049
1.01690009000554 0.521478797553573
-0.0144906136639725 0.474148003989831
0.990932766840856 0.245460198121145
0.388776189939959 0.455052316666115
0.105217158043306 -0.0965171452262439
2.55040834709203 0.128059269022197
1.15349068475709 0.905686041596346
2.22950109849786 0.370585119095631
1.82034320124113 0.363214622053783
-0.135114080139166 0.252179576351773
1.01567227157512 0.124296028516255
3.24727927155841 -0.17362688673893
1.63794618401713 0.233798541931901
2.22910074694023 0.558736117533408
0.729765242566481 0.381955999159254
0.823836826714045 0.373278989864048
0.450691139612409 0.397325447550975
1.30265058203585 -0.746722055086866
-0.244466298445891 0.879857681354042
1.38424228421595 0.392479714052752
0.67794216036758 -0.289971479331143
3.17122776110563 0.827270987862721
1.38138335099645 0.433286204864271
3.05700982866358 0.811990493920166
0.973745164968755 0.533141018869355
1.82649961379188 0.520330914424267
2.54091459334914 0.492112241650466
1.30641441948861 0.185671849909704
1.07854150846111 0.282040907861665
0.234938734749856 -0.570164108113386
0.963006782384616 -0.350491573370527
2.87597124027875 0.290133452694863
0.862246135205753 0.910661971720401
-0.429725169453374 -0.297054317919537
1.41952779907432 0.298263815778773
0.477080832680712 -0.202311021334026
0.681913614372136 0.236688037368003
0.332026639411595 0.391972976888064
-0.797591927050138 0.451771832921077
3.21827949105661 -0.851227065792773
0.0205474187422157 -0.573149481660221
-0.591464958828489 -0.630904862098396
2.96211915053258 -0.579943928250577
-0.523280411622402 0.152810435194988
1.56900053500843 -0.361534155404661
2.25246377835493 -0.900422469817568
0.140989327529072 -0.752897783310618
1.64337875114376 -0.83100755198393
3.21912855111721 -0.541966623277403
1.82283908169632 -0.86885898449691
0.860783543623899 0.8700457385974
0.856043745989503 0.207791186904069
2.92736266978559 -0.0981492457445711
1.73968569780333 -0.21589492787607
-0.789316157556439 -0.329979795671534
2.57470631445917 0.228971874131821
0.261732971374788 0.437519386422355
1.33892173472617 0.691873355186544
0.835991019342651 0.174919987574685
2.74792071091354 0.639636701589916
-0.11674318429917 0.0208341345773079
-0.404576376760814 -0.512857621640433
1.62163147429053 -0.172778954426758
1.55449227186817 0.313327725837007
2.07667841911781 0.110553965799045
1.54122386489095 0.858884965430479
0.750750602646445 0.134866713092197
2.48574213020573 0.81418152655242
0.533152028699672 0.727388904779218
1.05971608217783 -0.253703639062587
1.52769284043648 0.378120002057403
-0.561775588936803 0.621855598525144
3.00178608195158 0.116270397335757
0.567339902299191 0.0982715284451842
2.36497690226109 -0.813994198734872
2.93508375227496 0.408439089078456
-0.544869443795467 -0.28308710611891
-0.107098865989918 0.627604070841335
1.09383897928791 0.1574516286375
1.77293520590847 0.854979008506052
-0.368933203900516 0.0165003234520554
1.14612112728724 0.411420960735995
-0.187203235614056 0.451915039517917
1.52372893728149 0.345581022615079
1.43168933552772 0.650292637571692
0.798484841740379 0.0933077235589735
0.142489271427723 0.787483130313922
-0.130615628944931 0.792435521108564
0.441531481423674 -0.703694909019396
2.63403643169957 -0.772712868533563
0.485119878950686 0.895767628913745
3.12321186936482 0.109740302467253
-0.131893142407583 -0.107687595754396
1.30256748229561 -0.562622897629626
-0.238749018745378 -0.147485358954873
1.45395435101924 0.778392308403272
2.81290507638792 0.195683981420007
2.29457098539728 0.513315318140667
3.07676696131298 0.666227855591569
-0.146041239011703 0.0234187537222169
0.530156367237184 0.803928952221759
1.0202832058878 0.796987400867511
0.12868930766663 0.673129618074745
0.426610565415306 -0.0990509641473182
1.88942451408257 0.403001157671679
1.62204408373394 0.795347728859633
-0.0271479481701908 -0.442435662529897
2.64710568388352 -0.438184051902499
-0.794174486462016 -0.0237159939133562
1.03187369129164 0.135309537115972
0.79926904548689 -0.0917035580379888
-0.344260514641524 0.608104029018432
2.74338956091525 -0.140748768916819
0.511553527920818 0.61414495044155
0.26439341127038 0.419986185245216
1.4434431372135 -0.180223994760308
2.53279923876106 0.665029339795001
-0.427998549596248 0.531418825895526
1.48801699887363 0.264054077630863
-0.324768195951618 -0.122191497287713
1.84927202577237 -0.25179580891272
1.68138581455865 0.867978651740123
2.13411094232263 0.56931991330348
0.388021971458281 -0.684240034676623
2.93348513128493 0.531936242745724
1.18760537156799 0.914381286560092
0.820379556581097 0.810659849212971
0.531818710449555 0.484184354532044
0.412541409878365 0.800983056554105
0.570422633328004 0.474419455113821
2.03120662137501 0.642057199287228
1.6985763258861 0.165209817129653
-0.493509739571351 -0.0860212399857119
-0.101283833235384 0.595373343373649
2.37070423427623 -0.520815733983181
2.17096453848379 0.401514064229559
0.0323163645419438 -0.31685952807311
2.25874489252471 0.722404627408832
2.7570550676465 0.452026498666965
1.7564014700409 0.824722266744356
1.14429298349576 0.0958896182943135
2.74735546362651 0.281758305395488
1.55392319108843 0.487816378427669
2.34137718397823 0.427091497089714
1.33018218229705 -0.464635932364035
3.30012909660859 0.557038526516408
2.91433331379834 0.26168625127757
1.92944560831954 -0.22080347785959
2.06793110578474 0.33060266074026
0.334367340163001 0.193833370332141
0.809622902294257 0.787926069344394
2.3188189901148 0.351309258490801
2.2094449231214 0.37101817659568
0.949772690014485 -0.27850471943384
-0.513731832672638 0.728007879003417
1.52215530367552 -0.544579255382996
0.940170532045938 0.377374800876714
2.79125582525547 0.346841882378794
1.51350875282962 0.879379951290321
-0.461727215002692 0.022390431468375
2.79259450898154 0.784071121981833
0.308500872394166 -0.365710121346638
1.29016876413437 -0.812752020452172
0.784035347376282 0.167697866400704
1.30666461346027 -0.0904325096285902
2.36532606315879 -0.298996917135082
-0.115856895126749 -0.465047187265009
1.85397446503071 0.631126560550183
1.10647856419778 0.614339862670749
-0.732628296368219 -0.265715612110216
0.792552594594138 -0.2412974889623
-0.492637845184223 0.312846191506833
0.575875874654476 0.758193088753614
2.3260908743109 0.885772669583093
1.60367884017493 0.400759593164548
-0.0850816843877507 0.752673880348448
2.67966839793802 0.54254973953357
2.92687883675425 0.652117489743978
-0.504492428544836 0.0877597324666567
1.51272650117515 0.37654899636982
1.2044633425517 0.876641657354776
-0.711036327473136 0.5102399210562
3.04095264865442 0.686950273008551
0.17729868689204 0.739692777313758
1.33529471539544 0.130363905872218
-0.202945443097986 0.179418847092893
1.66487140167563 -0.465322186797857
0.994575542270933 0.474055907747242
0.622501509265957 0.842498008860275
2.52775101462348 0.341685320239049
-0.447215804076148 -0.498216566222254
0.231150187629172 -0.369619491859339
0.336444592308475 -0.173861288046464
1.74740506552174 0.8876666661934
0.49370198753202 0.335181755304802
2.77362638406305 0.45123137596529
1.09115649882903 -0.29630545633845
-0.255776334976104 -0.289910773886368
2.40232209336742 0.793767178046983
1.12059026887803 0.262543185125105
-0.399704826546899 -0.188615261949599
0.69621379439747 -0.851501696184278
0.00970120251286788 0.496901097660884
-0.759752144693883 -0.428622604929842
1.89201265689109 0.737846232810989
-0.344674925705316 0.295778237644117
2.5365681084304 -0.664019925589673
0.494041311218873 0.345013129455037
1.21262923238959 0.109238611382898
1.53040095258089 0.425100464117713
1.94529830037553 0.487168009008747
1.80773302697613 0.884249056992121
2.23512869204101 0.291119900019839
1.68072844933068 0.85512509716209
2.54054616501011 0.670701297768392
-0.633262806241396 0.171042119851336
3.41121776390429 -0.546597104298416
0.366802937982821 0.784600924665574
2.01387590075891 0.589084616547916
0.496268457372448 -0.318836353195366
0.445985574785076 -0.0910047795041464
1.64494855832616 0.867518751590978
1.75437761715612 -0.435084288904909
0.553812378078048 0.0920829311013222
1.47159428382275 0.29966380004771
1.13844045300216 -0.152706042281352
0.510171609345023 0.480700838740449
1.28672813475293 -0.606889020313974
2.33274879273869 -0.15897967350902
1.39197587504057 -0.0989294494502246
-0.235296561685721 0.696062526653986
0.34328594679563 0.233578931260854
0.965847787259555 0.724212822562549
0.391339761433692 -0.103954636899289
0.203246754733925 0.676402410585433
0.95302310201319 0.360356071603019
1.04785546177313 0.165611023805104
0.732150913136121 -0.525877857964951
2.05594167053241 0.728810102830175
1.07860492065125 -0.182689917949028
0.123636708742333 0.836744440498296
1.63207750963144 0.201742718543392
0.149435136055218 -0.484256539540365
0.224755187621945 0.217652982263826
-0.800083785165645 0.432532724924385
2.66099270509241 0.604653135500848
3.05428600687417 -0.470866012666374
1.51236869573121 0.165606694039889
-0.389913907438107 0.281235381576698
1.25121969158925 -0.903226667759009
1.62776928389895 0.811952807905618
0.0945731575441052 -0.583163470076397
2.04327985621227 0.711564721632749
-0.174097729859371 0.318310493475292
1.7239494617215 0.136151234083809
0.11926676438327 0.901270471478347
0.0174809952055394 0.914359735511243
2.31587811144436 0.205013388383668
-0.16724374888137 -0.250609674211591
1.6220974011946 -0.481120135064702
0.412366651691177 0.576549205381889
1.34914570823615 -0.713302162685431
0.192601018256337 -0.702768645947799
-0.781643684481636 0.226039028924424
-0.312951579922833 -0.00827066134661436
1.37954791084439 -0.808142469357699
-0.100653919491108 -0.72480239685392
0.831698992035593 -0.368504389515147
1.46134267604135 -0.143561923166271
3.15389345441667 0.242272088013124
2.68790243325907 0.489759879605845
0.392562888985921 0.429039610165637
2.88569083380204 -0.880753841099795
-0.469944030912761 0.457451439055148
1.78946144949935 -0.121873065282125
2.99138343900118 0.187765557155944
2.63554250353123 0.675748858111911
2.54552765345269 0.282015925995074
3.04542100248749 0.56155082329642
-0.111003628734058 0.899310486007016
-0.674795501386044 -0.350901817763224
3.3837926682903 -0.631292129703797
-0.3548549725999 -0.142770939413458
2.55534946570564 0.556200617016293
0.954769741669926 0.281479970668442
2.40128596674 0.184192974492908
0.937279414049729 0.916217659646645
1.9070452693238 0.319746577786282
-0.652118649006947 0.0765594809898175
3.03058205414736 0.254262217110954
1.59051730745987 -0.258512738405261
-0.393827340985287 0.43254210249288
-0.167145707002557 -0.466384772001766
0.0248091305546954 0.845264479867183
1.91628431191567 0.42154021904571
1.01603989403239 0.439631563657895
2.28683506377677 0.570467371295672
1.18068167171864 0.363467415818013
3.04136516215952 0.366492498549633
2.20161614231033 0.299393508897629
-0.536987960538753 0.0256058330531233
2.6227158409459 0.271313057374209
1.60221365017982 0.0922996175009757
0.229857109943779 -0.904339539748616
1.19059122207642 -0.731820669735316
1.08707264653569 -0.665003509807866
0.441096421406965 0.496472136036027
3.15136315735683 0.147193522786256
0.259162714495996 0.782389810227323
1.71178785659647 0.515309813374188
3.07359930872601 -0.19721315826755
3.07184000521298 0.452874264714774
-0.0613658807555563 -0.227920236531645
1.14886250073713 0.461811041401233
3.15110567611348 0.634616376727354
-0.845008866862471 0.0828101845341734
2.44550704305423 0.708388479612768
1.30455516744919 0.302762268250808
1.17963906976055 -0.695367532141972
0.376239269115458 -0.695706835924648
2.94905838333432 0.897086394333746
2.94782559126019 -0.256131436023861
1.42429718913144 0.615859162295237
1.89517513082933 0.266768201638479
2.61739832808429 0.662902996921912
-0.153010593375827 0.758627078367863
0.799563172133208 -0.173393097077496
-0.116484923430858 -0.0477790280710906
0.199076377197907 -0.697534012782853
1.64123194877637 0.144124906358775
0.578974365822147 0.818429431552067
2.35433442869575 0.363710886717308
-0.688557659395613 0.139760563324671
3.24600251449355 0.279331830365118
0.784392901360884 -0.901019989908673
2.25333140096279 0.216268547589425
0.904264170118069 -0.726350015692878
-0.317480692999422 -0.769328333879821
0.744287680338865 0.29803176887799
0.662768986199176 0.865066789870616
-0.87077919435069 -0.141301175800618
2.682852219664 0.460413284902461
0.0122725066340026 0.399025556223933
0.755976438883322 0.814099032292143
1.72792211646968 -0.432887004991062
1.66567897801305 0.690171515382826
0.0988810187110344 0.19718204960227
-0.677725723835468 0.598514904628973
0.19470799309865 0.384521055105142
1.79960192436772 0.533927293808665
3.36323434273535 0.537856484670192
-0.227349776759201 -0.0507546165725217
-0.658060103200861 -0.390893913421314
2.21860817849165 0.237032580201048
-0.386259748675645 0.205976625462063
-0.499754284078921 -0.0541372098959982
1.60932120417758 -0.479545469838195
1.29684479470431 0.858506953495089
0.0551994721587763 0.542359073075931
1.18590697171088 0.41616953468183
1.34468204528127 0.12229216088308
0.287169724405331 0.214990054327063
1.62119734437044 0.268597670446616
0.320108196485385 -0.71259904189501
1.03385045967596 -0.34464287078008
1.09567568178609 0.188342353212647
3.25772946759214 0.590918475855142
2.79589598035617 0.285576687951106
0.123177939845707 0.808911863726098
2.02908725433329 0.460345344373491
1.55901345640124 -0.149947628634982
0.371507334382584 -0.414103612967301
1.83183537411914 -0.666120391525328
0.0193050712128783 -0.783491671725642
1.80310782209302 0.207214852597099
2.5348961976443 0.645581837079953
-0.286416495887514 -0.840245769405737
-0.648584744365653 0.41201065692585
2.78457935235945 0.518516964628361
1.67714500820782 -0.79776525835041
0.37036264497884 0.486547507392243
-0.0850495824209416 0.241168214112986
2.26310276279559 0.832279573427513
1.70270411287385 0.307476506021339
1.90667063933074 0.655459738115314
-0.825539423904042 0.0164972367929295
1.55969244208371 -0.405352158588357
2.03667807482145 0.698054958658758
2.88331663038457 0.23833729585167
1.58238641288609 -0.495405049202964
2.15496271790639 -0.491477001085877
-0.305417891200385 -0.609953874687199
0.100002575874571 0.686795235797763
0.916817110619791 0.790885522449389
-0.59204078659578 -0.46693097455427
1.8036348455395 0.742494804342277
3.25619873254689 0.596303671738133
1.84374801631245 -0.904503878718242
-0.611380395740794 0.0736297646537423
-0.461262637294153 0.3360349167604
0.0646169196033124 0.430826319742482
2.5078566851482 0.151306233752985
-0.731694408668001 -0.221267558739055
2.13791627460723 0.379816608841065
3.00912558144546 0.850559769372921
2.24967347737925 0.836120830255095
1.51853364679112 -0.424957219185308
1.64049195239104 0.553715858142823
-0.386620150513097 0.601006826222874
0.877596626589402 -0.245222725661006
1.90449845067791 0.757571913464926
0.858821099333487 0.108564619161189
0.945133781101876 0.344965899607632
0.155800147767981 0.192939971177839
1.41167486099799 0.507587502233218
-0.516260942117253 0.0607797726988792
0.7632505316802 -0.655996861169115
-0.494452690916722 -0.513965012936387
-0.475082930887064 -0.23520565101644
-0.0183896958505655 -0.176093881600536
3.10348041485528 0.627698327659164
0.729298588551041 -0.219549544341862
2.59036725008004 0.120773708517663
-0.52235628640215 -0.73657511160709
2.82491345087158 -0.386025921604596
2.57975668862466 0.732253186660819
2.87571683714018 0.125644513044972
-0.413062885345673 0.175674391444772
0.371749992652835 -0.304315775260329
0.186070673537467 0.18057473503286
0.076140833922082 0.721778894925956
-0.758796698141663 -0.311035423132125
1.54831945285735 -0.541703511215746
3.16239237943798 0.677166877756827
1.00883991408125 0.119752827670891
2.60456239886855 0.363732577324845
0.0527340687784692 0.79294360432541
1.51557261804695 0.893465695367195
-0.129913813985326 0.750117903470527
-0.585671286990085 0.538971965631936
0.691445466730851 0.65892681182595
-0.408118966343425 -0.430137720378116
1.53754353718845 0.70729843795998
3.09601663688079 0.229239690268878
-0.276585054458344 -0.596286284620874
-0.445419930900918 -0.257153000880498
2.25766390514576 0.715750160766765
2.87410532810119 0.83265514136292
2.44914089218241 0.511881149315741
1.48468112301286 0.594741943688132
0.348282088551987 -0.33141682544956
2.19692640831323 0.914774551743176
-0.70254902411516 -0.254922858648933
1.98434837373878 0.780350698856637
2.43655936711512 -0.151772987353615
1.00081068179496 -0.270742756396066
2.77108307877889 0.528869087807834
2.79981246474146 0.720807667681947
0.0246914536393691 -0.0877851506695151
2.09838015052298 0.421683917974588
-0.275975934079382 0.459909637412056
0.50860789878945 0.390093439246994
0.707756310648687 0.903276730561629
1.47402482423281 0.844943363941275
1.09713541440645 0.803551769454498
-0.878689727726231 -0.047377809335012
1.77875554960561 0.827805701375473
3.38363842676216 0.449849604105111
2.06757828105365 0.562244532920886
2.588975087313 -0.669938740483485
-0.229545630867239 0.111405696347356
1.62472701156827 0.182649564812891
2.73091252478088 0.688541001698468
1.73326901977863 -0.792567523813341
2.33058881551731 0.777838561066892
0.718845390153295 0.523973734304309
2.19548833149306 0.394570210156962
0.20613135498464 0.674114340730011
1.25684856767606 -0.843326539499685
2.54578759071665 0.844227598013822
2.0630005272563 0.692301096965093
1.5407490591492 -0.848286760225892
3.10406880549117 0.329101765633095
0.539851322793817 0.381208181683905
2.67886437737716 0.456431318458635
1.94601329422865 0.16531941248104
3.27194841917912 0.80843365554465
0.149085984246401 0.654400672891643
3.21269589986963 0.80451293210499
-0.759902153827951 0.120356885483488
0.935614234093153 0.364423851133324
1.47126623036207 0.605065938038751
2.35315331101257 0.1879898473504
2.13755471848048 0.43729541238863
0.262156604634406 0.45179543083068
2.87427478241491 0.535231059684884
0.0032963279293402 -0.234949206758756
2.43208281611128 0.698097332811449
2.52629256050727 0.102178392931819
1.64757116823318 0.561080547992606
1.03818694782329 -0.738677611912135
2.16684441242218 -0.388382837397512
-0.295392838192233 -0.49715858430136
2.40737212316489 0.574315637501422
0.220990849270242 -0.533735358831473
2.86471038778306 0.416745415853802
-0.286332373141974 0.803121166292112
-0.212046943486086 -0.574564545589965
0.879687951369438 0.527400048694108
0.66162687198152 -0.461545108014252
1.87741277670884 0.264741955511272
0.411500346972676 -0.129815776634496
-0.164231803153915 0.720629182888661
-0.362400585948751 -0.0975582474377006
1.79329070879727 0.153109212685376
1.69412704256836 0.687926044955384
2.0753722635266 0.665789458248764
1.37135579147384 0.581996510049794
1.29521129761563 0.338881053810474
2.13533924044458 0.743049296422396
2.6268886280482 0.308286406006664
0.820260270931873 0.215563075407408
0.597906630012019 -0.874454826128203
2.32710394948827 0.753081854758784
2.36690790908369 -0.180667148297653
0.698938645251444 0.284205271000974
0.082835421989886 -0.245589618559461
2.1775098748252 0.490642005950212
3.34764466503822 -0.355312850500923
2.18484159018796 -0.559967927983962
-0.578710940727884 0.0967259805882349
-0.0487695438238073 0.538744585763197
0.573908375930193 0.320427499699872
0.145381515436673 0.715174461796414
1.17194316148247 0.490146897814702
1.66984398805336 -0.21335105599137
3.23638005900925 0.186179268930573
3.24204035034657 0.524383314501028
3.07975817830725 0.50229782393435
1.56907510734815 0.704141677299049
2.3627695365663 0.7272901846678
0.552038605048837 0.183766938431654
0.721304419190627 -0.611371902946848
-0.523800990034523 -0.12280096989125
-0.110473346414832 0.140965686191339
-0.670116042886381 0.584684766596183
0.545332712419045 0.378575198992621
1.89245451135956 0.677221360348631
-0.335143668164093 0.14347019304987
2.87152843633118 0.232772897998802
2.75972256557172 0.589698248775676
-0.267616006494453 0.547878343507182
-0.224518447514815 -0.643048891262151
0.757082122801789 0.156497192801908
0.0201059359084396 0.455937951360829
-0.143651341097371 0.834761307667941
0.990824017237301 0.917535197467077
0.508188366639912 -0.321107978385407
1.71255393204279 -0.567865201353561
1.7602459986775 0.764227261394262
2.2928613456103 -0.270212764188182
3.21238483152848 0.341450261627324
2.37418064460602 0.452157529629767
2.57146563060461 0.912453254428692
-0.154221361044712 0.000666424178052738
3.30055383265378 -0.768163193715736
1.68371084908975 0.387224051461089
0.297042330436585 0.479008081019856
-0.564290655033285 0.13073932348052
2.05474204382545 0.841433115769178
1.02230497135703 -0.645195826364215
1.86838245749384 0.421743009879719
2.53883116580644 0.79197061106097
0.530267491061324 -0.720211976498831
0.509321654533487 0.305011729022954
1.1366817715733 0.114011465094518
0.295789791229601 0.896533902164083
2.12118893927919 -0.799308973853476
2.71958535669898 0.590712084062398
2.66793243774739 0.396899132803083
-0.141570219103627 0.406167276517954
1.41142157276352 -0.877706410025712
1.43327024327698 -0.248549446405377
0.287540547162485 -0.602206767327152
0.0972279603068565 -0.182328367047012
-0.126528171391067 0.346146840055008
-0.326767766346403 0.778840166016016
1.1509325494307 0.363340726681054
2.68884400309284 0.406943255127408
1.19307489211005 0.176878895342816
1.59944019193103 0.7930673295632
0.260631134077424 -0.924437589687295
2.79060711871201 0.861079835065175
1.92635584248826 -0.297162369079888
0.153198904836351 -0.170093259471469
0.502753693919949 -0.711841676279437
2.11109590236819 -0.2873426200822
-0.212260069926231 0.153334743401501
1.01041427479858 -0.126234639110044
2.25007190714114 0.268662033707369
0.51471210474412 -0.562972381873988
0.35662741735649 0.468565900274552
0.259627712313324 0.731531189696398
0.911200862033707 0.435912148887292
2.58146407032689 0.205113647086546
-0.647463857760376 0.588379734475166
1.00978461756303 0.241918792610522
1.38729291024832 0.863234050048049
2.87825406599505 -0.159772181208245
0.508701040745558 -0.0912082754541188
-0.504974366037238 -0.295474255131558
1.97907716676254 0.683189582894556
2.68702720930781 0.439261056878604
0.459251148047725 -0.186622319091111
2.24952340967232 -0.616805010533426
1.59416756203825 0.570786433469038
0.00382271616325058 0.32466975429561
1.86588075408846 0.70075249801157
1.57898780448235 0.526763476722408
2.51427410139292 -0.486072969518136
0.740316467694887 0.792041092936415
2.08862201201827 0.519765248172916
1.5150953421463 0.558799882931635
1.33585786213853 0.911785853339825
-0.657140943545312 -0.485535118088592
1.07505283014679 0.464107337465975
0.690439260736146 -0.283568736934103
0.037461175325726 0.2476891416125
1.40741968308903 0.230141108017415
-0.717357632723664 0.223761869629379
3.28000321649906 0.203338890022133
1.05373398447831 0.373778449301608
0.0917134053144465 0.389216463221237
0.0922990814012393 0.481701270793565
2.88435563011176 0.766276874986943
3.35493290924006 0.359894943854306
0.478263362171797 0.481437510473188
1.38569679880238 0.50754932431737
0.0403761738809244 0.585354986856692
-0.152532679232984 -0.822374181484338
2.91041543881257 -0.377910506376065
0.144327334230088 0.0953839575406165
1.94637036852172 -0.273995248286519
0.995808308088269 -0.601142761553638
2.54221469169872 0.138018863578327
2.13135821381691 -0.159297935373615
2.49664331201484 0.25456266887486
1.35780222656703 0.395433228160255
0.764407155809116 -0.632932524918579
1.30348760840335 0.590371939912438
0.601400668752918 0.262508875224739
3.36955477848186 0.384661543753464
0.14451764250174 0.637069886515383
3.0612001260214 0.263341558165848
1.93235417294903 0.32201008660486
2.96035916232302 0.41945534060942
3.12214214009352 0.870604082755744
1.07412189936612 0.499890751007479
0.808880097441271 0.274390756315552
2.29451391321431 0.283352521760389
1.65180172534338 0.131394911615644
-0.0393774867042213 0.488439183193259
0.586769980256167 -0.89834727649577
2.15168474333753 0.253332193277311
-0.449057292380949 0.227292243542615
1.4393859083048 0.82601544338977
2.2370542091728 0.17285270257853
-0.0782401955869685 0.838902358955238
0.306536117505413 0.475840007059742
2.90016383204104 0.250870129058603
0.131124181458457 -0.0918705283780582
3.23642947228583 0.489667210914195
3.21327437452426 -0.785769806639291
2.57028521074637 0.809513171715662
2.98960292605356 0.263824814150576
-0.71385993721852 0.570661960472353
0.492778234956343 -0.877610757190268
3.30130486093434 0.373668990493752
3.10535483625557 0.527525950444397
0.0208466392076024 -0.295743733050767
3.22253970926116 0.213491455477197
3.21823789624696 0.474427466385532
-0.423912627055269 -0.238283396046609
1.16176664713728 0.192708397656679
3.09362103922125 -0.899121882778127
2.07356199253645 -0.508811858785339
2.26893496951663 -0.28204772771569
2.65909370328844 0.369011757709086
-0.10905989443292 0.122505621926393
2.58606252660063 0.852632467006333
1.68914298499895 0.0993599285604433
1.92524398216269 0.868540562829003
0.395189077896666 0.448816538148094
1.07360198040362 0.896244562114589
1.94874440732926 0.535681722254958
2.61271430393118 0.347138159011956
-0.290733783245401 -0.0153921258170158
2.7085619101038 0.143657798692584
2.40538136798554 0.826001123117749
0.922215233875089 0.316101092507597
2.35767722120339 0.520388591790106
3.3765598845079 0.633698560402263
1.7817100515154 0.29650515060639
0.0204912817052526 -0.350477555475663
2.69571628203034 -0.905710515193641
2.33586167465215 0.157875983533449
0.259591366843793 0.343051514076069
1.15507837382971 0.438652999675833
3.14952061878005 0.690425586281344
2.44020251720952 0.696813073277008
1.17246345207968 -0.109273865888827
-0.273351424593917 -0.160499360365793
-0.458383415647792 0.64846276731696
1.117097223856 0.639784983557183
0.284663654292249 -0.27976225304883
2.04099239213138 -0.915068927104585
3.06128624933307 -0.105816418281756
-0.534519109438718 0.451862698118202
1.20944728802477 -0.922936334484257
1.58948643118244 0.185067049937788
2.19667913086605 0.824580766726285
3.17180309908263 -0.874131632759236
2.61970443348283 0.584988291235641
0.710692520658235 -0.901870782743208
1.26834961636212 0.660953045461792
2.81583607341292 0.381724643160123
0.722333477689639 0.924077266384847
-0.556640362894653 -0.536628020182252
2.61641990885242 0.891326130600646
2.63910444134532 0.786319273745175
0.451876698734185 0.830343455076218
2.92125368812307 0.912341016076971
-0.234482478711452 0.855253908538725
0.7620881805394 0.612729645729996
0.584027559563935 0.367786099901423
2.34718525363156 0.0971941482974216
1.7025721694276 -0.181962541514076
0.634149247620726 0.513855212123599
-0.12093236372326 -0.58127893632045
0.0531950149696855 -0.778620838338975
0.307368276266266 0.539832770079374
2.74797722362471 0.558144023432396
-0.164569600916776 0.138761842588428
-0.675669860882678 -0.482385350868572
0.462628814634249 -0.21548831416294
2.93643277512071 0.634641332749743
1.40156255058641 0.61773569037905
0.894205124653557 0.52599302274175
0.035645502504049 0.234116485912819
0.914815386157584 0.631761795084458
1.45992103698743 -0.474654561968055
0.0890522453766273 0.153498826513533
1.57734937616478 0.492159916018136
0.637521992067254 -0.111757140012924
0.104457328685587 0.469864109216724
-0.14136265607531 0.822962970542721
1.91428463447393 0.734822175232693
2.22861634837783 0.14625546958996
-0.606003460712677 -0.560876856488176
1.89587353442478 0.682462042348925
1.7088369599472 0.387622223596554
0.898991019128803 0.593039269116707
0.830158219823864 0.654834021138959
-0.851683190740456 -0.283518744341563
3.32562012345322 0.306962845625821
0.144569296695156 0.79420389594743
1.9094397712669 0.383213193353731
1.0681473555458 0.60038805315271
1.23681839259019 0.297928029822651
-0.762663856099781 -0.338504449091852
1.63582734312127 0.265863815252669
1.21049742972376 -0.871163347398397
