-0.381199577022543 -0.462126594146337 0.800703374203295
-0.83430363147261 -0.283057041746154 0.473092128057033
0.60489510626682 -0.792475291840859 -0.0780052705667913
0.137776828491314 -0.986582588002361 -0.0875919093377889
0.634880043434127 -0.456108612386697 0.623612270690501
0.536685884815463 -0.7877220982163 -0.302427110262215
0.171814069306821 -0.488261376371833 0.855617177207023
0.548333314102995 -0.578903982419181 0.603490476962179
-0.774877250604884 -0.271616707205422 0.570779826957732
-0.967571399694649 0.238703837455162 -0.0826200004667045
-0.927866566702823 -0.183814058548898 0.324462673161179
-0.750322133571278 -0.574886518790496 0.32637736806646
0.271374909017299 -0.363390577500557 0.89123675134033
0.519052630782183 -0.378385223940841 0.766426114365458
-0.995368962410595 0.0199446173978073 0.0940363807603717
0.466545221060687 -0.321120078807722 0.824146498925984
0.541677226170345 -0.643655094980431 0.540642119478434
0.0182562786193561 -0.723553269586834 0.690027082338929
0.351172253308511 -0.93613105692566 0.0183491897769273
-0.425100707464663 -0.588072582240017 0.688084316439927
0.284285760359264 -0.916657549463085 -0.280928004067391
-0.683496739475194 -0.618529131692705 0.387626005802303
-0.972625219419476 -0.110075302522422 -0.204654856584966
-0.910684412651322 -0.167693133463915 0.377535314299166
0.633513597576472 -0.384472678177587 0.671447154600173
0.606989122720685 -0.124549656059005 0.784889538772404
0.307193674682504 -0.556047430332588 -0.772297417744994
0.368242202303586 0.0117697135326718 0.929655395448208
0.795975677061725 -0.0421145015473474 0.60386181389913
-0.566510773688323 -0.499113985125266 0.655706316232681
0.409333518065191 -0.868505042299973 -0.279544383753091
0.567849565250192 -0.763308472522419 -0.308069873601198
-0.901120575641467 -0.43070964201527 0.0497082732617855
-0.74703313390718 -0.650414767962413 0.137485004495829
0.121042596869793 -0.968357442920565 0.218248831573874
-0.497878751990712 -0.391894304186476 0.773650827351958
-0.030359896972059 -0.96248373906952 0.269635547883809
0.240294116040109 -0.468011037096771 0.850426014978439
-0.351594129959211 -0.590564598144918 0.726371133234352
0.370544445108614 -0.918469491124647 0.138241122942418
0.222426893664536 -0.974932587350219 -0.00572076020762328
-0.880170498482886 -0.414555147965402 -0.23117941711098
0.80179659600806 -0.203007001022719 0.562059050425887
0.793078541090559 0.272505514248942 0.544763409532607
0.190827958857817 -0.781179733620157 0.594426542054862
0.724397238502352 0.165805699583852 0.669146554078907
0.69468751066006 -0.546054238695961 0.468224338255823
-0.958580608028649 -0.281795822859457 0.0414044940844179
-0.390232138867076 -0.726833018054553 0.56518372381106
0.337968642221224 -0.670648443392768 0.660308914259076
0.190605904482274 -0.936306455923089 -0.294956962577999
-0.987082515156586 -0.126608462500455 0.0981753813102841
-0.775572780849572 -0.381711368936045 0.502775588538498
-0.954611444595091 -0.211839866773964 0.209382092580199
-0.933630358162959 -0.34192212845904 0.106881300453097
-0.95227458504509 -0.27985927620622 0.121868372429162
-0.104562888770415 -0.851069005012617 0.514536831527948
-0.666835697439324 -0.635001432493828 0.390004273504019
-0.56093447460079 -0.195331863890603 0.804486157838255
0.296421554306574 -0.7490554269155 0.592494919430465
0.285590058051775 -0.750355562443662 0.59615840902552
0.467110467226883 -0.567907753253409 0.677708340808749
0.007355138965981 -0.747750334182053 0.663939259015024
0.435402346336277 -0.87301547782278 -0.219701552763581
-0.996043194246482 -0.0854898982129915 0.0242782309651376
-0.75844455791642 -0.624698228253135 0.18577937502414
0.0497619894396459 -0.509299608329697 0.859149377793074
0.810130598203219 0.0659359094024843 0.582529715728015
0.482472834349032 -0.860257270178613 -0.164855673909187
-0.445254107438514 -0.315696243315012 0.837904924061149
0.423209974534253 -0.90594990627749 0.0121690086089075
0.444069285397045 -0.669751587367078 -0.595176680479199
0.0592849078170074 -0.995695783447669 0.0712404837831855
0.31568240489666 -0.633208938963032 0.706676063593477
-0.455023858357528 -0.758738738749906 0.466121030040085
-0.678038466409287 -0.275533406265387 0.681428778450936
-0.933454238361856 -0.355610478399177 -0.0469507458619774
-0.964250741954989 0.0132647906643928 0.264659313019365
0.417014159221503 -0.584444711418681 -0.696077273227274
-0.784008168441391 -0.448543100009921 0.42911569448188
-0.569911929632748 -0.693952726564282 0.440034096129239
-0.741832687963077 -0.543974888756778 0.392142300028354
-0.80583891262884 -0.584918111693822 0.0921653378754855
-0.849573250770109 -0.498980177144952 0.171008989214897
0.00267223489303187 -0.999897982931482 0.0140314963646233
-0.937061913816395 -0.205665012946868 0.282164618838578
0.510202094843057 -0.401115104308113 0.760789389722049
-0.428041498230315 -0.532359919998366 0.730324168689549
0.334809830719973 -0.864121137047778 -0.37576194293797
0.676219392481278 -0.695090656079775 0.244082594756037
-0.943834640894702 -0.324936809322872 0.0599353034049272
-0.585467324896626 -0.672564849219739 0.452641729265451
-0.439156779678595 -0.633557926877066 0.636981692165136
0.624849891092044 -0.5711809588352 0.5322733563371
-0.399558588463802 -0.910018901231828 0.110537476837635
-0.453013481674022 -0.732012542625334 0.508857959415764
0.226126785009648 -0.962199740602322 -0.151783847250044
0.3809623360067 -0.575019552133632 -0.724030533339828
0.291213176342497 -0.930282171380218 -0.223091836553067
-0.938156236646128 -0.346197716400154 0.00316493306308991
-0.686193830021863 -0.695627836576963 0.212696827948093
-0.948388610587957 -0.289088319799411 0.130334134679288
-0.266852271766286 -0.465175179093818 0.844039049930871
-0.882694550417746 -0.465533984047874 -0.0642529404722154
0.491572737657951 -0.863898261809179 -0.109708873089403
0.172139881985584 -0.97826416478524 0.115616110153496
0.538519473126925 -0.842044964878559 -0.030936292372644
-0.887851831389145 -0.345307590530945 0.304108193609864
-0.867895584394441 -0.486981312273507 0.0980125302448869
0.920887237789257 -0.335987028327592 0.1976851336658
-0.572215316929363 -0.72420570519292 0.384832077194005
0.389303385725264 -0.352650709751482 0.850929110310972
-0.85610909982139 -0.514363811146547 0.0500707398168743
0.394253521518279 -0.910987516862612 0.121102869044989
-0.293428660864438 -0.774197297559965 0.560819191392511
-0.710217537317165 -0.546869616865167 0.443311032839119
0.188661352118261 -0.510268393504497 0.839066779706627
-0.118888438388085 -0.766180144346338 0.631532679777592
-0.92492122297617 -0.324898137289861 0.197387769818306
-0.992026042442667 -0.125303562052037 0.0135406223125757
0.667219274532986 -0.315002778534267 0.674975324887782
0.498719878013537 -0.843652557203764 -0.198818625882268
0.207133233291494 -0.792473695000207 0.573656052350998
-0.997713531660569 -0.00107676403001613 0.0675762481987475
0.461304179401763 -0.869090868830669 0.178548356983811
0.584169608798265 -0.743312136742918 0.325933943502605
-0.959335452586292 -0.207458244750717 -0.191406807862222
0.782907908593189 -0.462848140212047 0.415724434889853
-0.188615636935958 -0.902117202313735 0.388083360623568
0.214989239040435 -0.975647157879861 0.0435000048018992
-0.19122527739741 -0.557062255547878 0.808155020233244
-0.694842793734215 -0.656635972258519 0.293296252842992
0.570466846047252 -0.743970264632755 -0.347959513310343
0.189665430564647 -0.603988784595997 0.774095971137285
0.229967094428683 -0.967182648399652 -0.108041011262685
-0.826759302893221 -0.357035625067823 0.434735111892223
-0.239626314542119 -0.676217012098556 0.696641788817942
-0.677891310807241 -0.465058485143542 0.569371562451124
0.713812285918336 -0.634004971240726 0.297505826689303
0.538641531526751 -0.086548977235533 0.838077905122191
-0.74218905149455 -0.21854121478437 0.633557534310967
-0.346239090437562 -0.824792459387341 0.447030078619718
-0.901517108133118 -0.270708021267449 0.337615270633251
0.765569300514832 -0.238626860769533 0.597462021745741
0.490671991169042 0.00432071022658716 0.871333649381995
0.40465641317738 -0.178178626495397 0.896942341700196
0.227663647386185 -0.661304053878626 0.714735064189881
0.340251949616741 -0.911912453707017 -0.229443429969251
-0.967774414824068 -0.230339191368937 0.101767081767321
0.858465613652144 -0.320906305965076 0.400069910101593
0.0870228041131259 -0.706200040137596 0.702643960248679
0.459747629820125 -0.842126408329533 -0.281878039706498
0.649423255405684 -0.577439299093283 0.494786106515676
-0.905612634290578 -0.399089829451724 -0.143502838443965
0.256367644647185 -0.610442477950383 0.749423519708216
0.322412443017965 -0.916463793932683 -0.236947949975729
0.640150959054572 -0.528367754029257 0.557704461272806
0.822639458275114 0.13959158310616 0.551161057781428
-0.686645620077096 -0.475890553386087 0.549587093759328
-0.950252453281211 -0.278053820218441 0.140379300806671
0.138074661213514 -0.814931896225785 -0.562868894543499
-0.500493121021287 -0.49086159468727 0.713135001715273
-0.827592456414647 -0.300979479101364 0.473816503770649
-0.22627176931363 -0.679118195551297 0.698283297009766
-0.142984884885972 -0.629885969957076 0.763412724249065
0.260539925804714 -0.552742100521264 0.7915776129812
0.273572045135461 -0.931053878358473 -0.241447741165757
0.453941561500463 -0.888234626128353 -0.0705429492518306
0.212265560938658 -0.967018592751793 -0.140777742955834
-0.710213406715199 -0.663597389727619 0.235022171866149
-0.337796147331585 -0.916281421367868 0.215225741267204
0.572906626210421 -0.527426435994549 0.627374969422817
0.712186751805173 -0.447361793812176 0.54097823984921
-0.56718214540967 -0.699455202444375 0.434818161651492
-0.838932281853807 -0.462610993469208 0.286676987539977
0.196580022041305 -0.82266417642336 0.533460352569818
0.591501477944783 -0.783998514230969 -0.188340997323394
-0.29109154939413 -0.554565607271109 0.779565710574389
-0.950576016824062 -0.216456352185071 -0.222602524328977
-0.295839370806221 -0.331396889083354 0.895910245832056
0.399073994061921 -0.875652430099625 -0.271979353856295
-0.0541067455714487 -0.623686345915794 0.779799847397953
-0.999919332654041 -0.00275073371811225 -0.0124000664800405
-0.985611997176903 -0.1612921232779 0.050535551737994
0.148434458372086 -0.970803391132494 0.188435631804168
0.509138397049986 -0.624963226811364 0.591776188928634
-0.613564298992386 -0.494349491120189 0.615757607854903
-0.928967923066756 -0.369568826541888 -0.0209160312078893
-0.442438387818837 -0.450612314632817 0.775368825066835
0.691967193650998 -0.465997599037258 0.551387015264481
-0.562059747820997 -0.565018470393727 0.604022324085236
-0.92946126623435 -0.298271067409634 0.217108555603772
0.555426263529076 -0.811023507150992 -0.183691416867077
-0.901087064141851 -0.428472348731603 0.0667349174618722
0.424776646959036 -0.70635496697872 -0.566239755600691
0.143739825155102 -0.699090913886278 0.700436118990183
0.219543219068569 -0.973473021670577 -0.0644286507740616
0.59420167819123 0.208438471132453 0.776838316116482
-0.85632184924079 -0.318965349776822 0.406169910449535
-0.680126602877936 -0.726401161112625 0.0988390468992292
0.148935947342745 -0.957429215075709 -0.247279966250062
-0.205301858242521 -0.552401514507673 0.807900806888938
0.0704662531701385 -0.990638385097335 0.116919190622866
-0.982381783461406 -0.149127231633293 0.112637029029429
-0.754810923100137 -0.64476930572715 0.120552945882082
0.492612607361165 -0.863625093028979 -0.107165842317045
0.114470194205018 -0.991325107836973 -0.0645840940997004
-0.233081301371236 -0.802042541320855 0.549909873399884
0.528458057795989 -0.240351523614189 0.814225537702441
0.0475831577452301 -0.921743255031169 -0.384870387148112
-0.386935410224755 -0.582035859746939 0.715202940627933
0.598846931071554 -0.100036412054676 0.794591133482754
0.758705536802809 -0.563402130202408 0.327022855635732
0.267300638528343 -0.963510090876072 0.0140951559878885
-0.996964728937193 -0.069675555325322 -0.0347368139773607
0.890890893387168 -0.301333860678637 0.339869563933462
0.721871225430216 0.0804000764624493 0.687341080978513
-0.694928631322339 -0.692850371835871 0.192438456695527
0.190244087131415 -0.971813700625988 -0.139231169596315
0.231150025572076 -0.00740502263397051 0.972889937926084
-0.613907785753102 -0.733693697415562 -0.291222919709981
-0.97050453357402 0.0387846541640715 -0.237942642066628
0.223572200235772 -0.973035537660288 0.0567213692702353
-0.738630765048289 -0.608677633296748 0.289717330597341
0.3759927871755 -0.924544695994149 -0.0620203926227987
-0.0247261835201895 -0.986245694020837 0.163425967562944
0.223145845684179 -0.913115395078586 -0.34121284680441
0.79068363483775 -0.128799218764892 0.598523308522999
0.620024781543283 -0.194001401201662 0.760218867566437
0.402697905969387 -0.915264839416896 0.0111655835062264
0.829115528571917 0.459564406001224 0.31838341196999
-0.309104813741156 -0.577277631450733 0.755780887790024
-0.765239406601452 -0.512139933900242 0.390027356334031
-0.534594267527601 -0.218910336732142 0.816264193505049
0.383952495149741 -0.687201739122229 0.616712454240769
-0.70126378023641 -0.406565386255661 0.585605410858989
-0.256343793587912 -0.331984582844153 0.907785269897431
0.161185750359475 -0.980405951499663 0.11324011720717
0.0654184529320865 -0.996396538894651 -0.0539848431944847
-0.828075679569548 -0.560380264564324 0.0162673904560506
0.570603085783779 -0.311595577477852 0.759815974161029
0.524401551091623 -0.850260836791708 -0.0453819637186825
0.262048615978972 -0.888586429255649 0.376489947549999
-0.0757156226235718 -0.709138779916638 0.700991679914296
-0.0180028447430612 -0.950257776668886 0.310943813994527
0.454859647371021 -0.533585167135687 0.713014425244182
-0.299787394133498 -0.727534232864915 0.617107331287116
0.301748191542333 -0.683411018424326 0.664753645192832
-0.376961989531557 -0.501890163787242 0.778463821858168
-0.83180816242117 -0.386871460482364 0.398027202580124
0.725135051127129 0.328030327468786 0.605454591102898
-0.385761367142864 -0.512213436810692 0.767349700443447
-0.789600962591266 -0.612307748730683 0.0401190817356109
0.404322461813512 -0.897198537375018 -0.177646084688604
-0.599663679953775 -0.721598180798362 0.34597620787099
0.630519803522404 -0.775662476238735 0.0281513822264968
0.528778335882812 -0.539815776214871 0.654975113458931
0.214095838333056 -0.857592472008186 0.467651712242514
0.438253632867263 -0.898631459907797 -0.0198809592984616
0.0133609170767215 -0.354246616738376 0.935056586749852
0.00353454312833757 -0.764551988187759 0.64455237518996
0.113108799992998 -0.916188145680521 0.384455044288188
-0.977881709628284 -0.203798960185051 0.0470462092198431
-0.376681666320879 -0.811082087552902 0.447500580456108
0.391065437596694 -0.843796327606993 -0.367526299785823
-0.973268176488824 0.0382179991486424 0.226469514891505
-0.818180083384653 -0.469135413157269 0.332405347842723
0.791301377171932 -0.358245226663623 0.495482076425105
0.0684680993533417 -0.572772865910113 0.816849657800049
-0.823019070892882 -0.501330746673726 0.267033876851201
0.0124153488559271 -0.977552321723753 -0.210326692089438
0.200937014230419 -0.976100425181507 0.0827784771099687
0.443111153752681 -0.814458915662068 -0.374578670132905
-0.922097346361994 -0.129696959333388 0.364575345534831
0.7160763420834 -0.381574972153881 0.584495691116899
-0.640458751675114 -0.643810404240226 0.418713208287954
0.11144487263576 -0.976543701196861 -0.184234741609544
-0.464779703091027 -0.826535811444064 0.317519101779908
0.35513404714943 -0.931833582707485 0.0746055138297379
-0.966795234328564 -0.219082278786674 0.131567207165063
-0.177454650375219 -0.951708286159671 0.250521825626493
-0.0740929442935442 -0.683681149722734 0.72600986296311
-0.880454992631703 -0.442589679672846 0.170039352495223
0.67370824351324 -0.708864898181678 0.208872589748353
-0.482044011474706 -0.494997198562737 0.72291862918064
-0.878764435998843 -0.458466549176167 0.132595208473504
-0.466671119494215 -0.41338666964634 0.781875647138804
0.237487539464929 -0.96319182852122 0.125941137317568
-0.456799381849618 -0.138210966928283 0.878767348825932
0.228852764387186 -0.703023977854279 0.673337730113417
0.537316015407793 -0.815104950450769 -0.216553502250463
-0.968092709383599 -0.239388932087452 0.0740907904691995
0.0769786423837867 -0.974403156538729 0.211217369418591
0.138582539514819 -0.986627215535433 -0.0857998677529395
-0.360537265751349 -0.920862244993131 0.14841026160866
-0.000974859650036031 -0.998226377509722 -0.0595243554562331
0.851800450376076 -0.0368297715121306 0.522570149041712
-0.816296538767281 -0.468681876842746 0.337634801398963
-0.435480917168772 -0.328935761049546 0.837948468513787
-0.515616322438581 -0.213777978394104 0.829722112510353
-0.382041844546348 -0.57879312850778 0.720446072518826
0.120348417464654 -0.992719284029646 -0.0049680508673192
0.215328750338469 -0.579487377234275 0.786020298022777
0.0832089645303476 -0.993107585333254 0.0825444860383868
0.455354738841692 -0.815758098721318 -0.356638172641397
0.431978928080235 -0.562736560668539 0.704784909728914
0.574807364487563 -0.321568109307064 0.752456274349242
0.482238362781722 -0.837170517916221 0.258053648285568
0.328463495376183 -0.939815686757796 0.0941180489026011
0.834994021296737 -0.449273608182406 0.317707742098719
0.417410407178892 -0.9086530732367 0.0108694285154343
-0.62743218779402 -0.712767723990061 0.313513989094645
-0.849296883800727 -0.402434947628288 0.341673698276281
0.170013454649985 -0.799831019882617 0.575643782969564
-0.124557230813699 -0.894978557875556 0.4283676892519
0.905399365539357 -0.075804716898963 0.417738714721054
0.246184471167612 -0.955875513224582 0.160297253169119
0.601538734621758 -0.221511949727051 0.767517821863294
-0.948319675722448 -0.253424955818045 0.190959640778601
-0.630356536007638 -0.484748368624386 0.606357696931809
-0.203670654622516 -0.569731083549813 0.796193919144571
-0.852152709583867 -0.428118741274301 0.300915441475809
-0.0648605266592259 -0.842795844930956 0.53431102912873
-0.675911551822213 -0.722512466129836 -0.14532484440133
-0.581250175791434 -0.669819329738672 0.462050104048103
-0.979941907560457 -0.119056038808496 0.159810880199075
0.550935877710425 -0.250470387200389 0.796074270270765
-0.208866418493769 -0.949700852498358 0.233330473769456
0.359036453778298 -0.931191928081738 -0.0630429848097264
-0.808713309908999 -0.500945110245052 0.308280357625335
-0.817813126321799 -0.396602608625011 0.416998874396086
0.411058345390833 -0.759741207272157 -0.503809819929302
0.784793466177743 -0.269365700360029 0.558158879633993
0.231719792405239 -0.930484970938766 -0.283731663133949
0.148904933042942 -0.957386918186985 0.24746234016493
-0.612373555093909 -0.738528597734112 0.282088885549456
0.170423448283802 -0.982750450713263 0.0718150394968688
0.485869530686646 -0.782629654005619 -0.38912931503728
0.475736342787132 -0.336735195174105 0.812578821089119
0.275710610993395 -0.26793113929386 0.923144930973649
-0.87121813897865 -0.478142944910236 0.111167794559151
-0.716431451602746 -0.636893649533679 0.284767368808389
0.711405777119298 -0.0669340490128318 0.69958677329123
0.378848874864206 -0.914361589615358 -0.142886015586555
-0.50104564811756 -0.501142208163784 0.705556337721646
0.745633622234495 -0.664999280059299 0.0425024577416479
-0.640203748249776 -0.126369374671896 0.757740022614598
0.785653343067212 0.0580820723616715 0.615934491157532
-0.504567055686113 -0.56737393038721 0.650767938233912
-0.755069251181743 -0.650578388557768 0.081352235749364
-0.319792427959745 -0.475834346136042 0.819337829016149
0.483311728068725 -0.867392458243512 -0.118490914814174
0.575654391224591 -0.747309455863505 -0.331889437977225
-0.676585680806856 -0.644132584976579 0.356826329603791
0.775127099605614 -0.068783143857159 0.628050044644624
-0.455401085722834 -0.302466311606888 0.837331464514136
0.498086167419751 -0.66657944045909 0.554600774776191
0.124820622712707 -0.937820007325224 0.323903451673686
-0.575600271440883 -0.507033478009944 0.641561672557145
0.381171235894784 -0.847350344150412 -0.369737586937845
0.20015102011605 -0.884833091101784 0.420725528150797
-0.477773729446526 -0.442318505072412 0.759003691375256
-0.787870445328503 -0.523345809662689 0.32460641534999
0.810063715317 -0.16294738864126 0.563244996126741
-0.451671229800617 -0.121102947251047 0.883927132934332
0.484654556336179 -0.787362853107945 0.381011415272951
0.612214441041083 -0.464035504291975 -0.640206629876047
0.26072039943109 -0.918619790776288 -0.296921796631068
-0.828930296342522 -0.39180629310379 0.399202194996178
0.389363759832111 -0.915812372028175 -0.0984050901606679
-0.567311347217584 -0.65303680204803 0.501697887666523
-0.296473258107291 -0.148994476987924 0.943347366061062
-0.00912398454919002 -0.907573210364636 0.419794736430049
-0.969867969846308 -0.213706144880464 -0.11698634410277
-0.201113334579975 -0.466347572165865 0.861436804756522
0.166348164059673 -0.472681043877616 0.865390616469085
-0.794659983897187 -0.577492321257735 0.187131314538419
-0.731577147264545 -0.66713731330384 0.140437469352037
-0.188457662621761 -0.961833536748477 0.198393439874053
-0.769621529742236 -0.303292388738317 0.561868692748249
-0.845977806062093 -0.516209775041527 0.133600223809481
-0.301769329416592 -0.95162600502118 0.057820570655167
0.690981222157582 -0.678597769017583 -0.249098411295563
-0.734523419410925 -0.335627303233563 0.58977085351944
0.097074480169886 -0.949760312306987 0.297543096821755
0.282922787024339 -0.957229918674694 -0.0605440284125506
-0.491390376078854 -0.829906244259552 0.264180097728968
0.582094046458654 -0.431666346144094 0.689079593867064
0.689280354879193 -0.674100396412279 0.265483046416193
0.438881564225103 -0.776884319659714 0.451479486189783
0.46215823004547 -0.541792171736114 -0.702047728467733
-0.871905211498027 -0.475186693961476 0.118232432287186
0.0127668358785828 -0.937817511348502 0.346893821377307
-0.728850681813668 -0.68276673501183 0.051051632501185
0.675961338070157 -0.297559236469899 0.674191938713193
0.622403464523832 -0.722685240368824 0.300566083751619
0.155302600766834 -0.673435549213649 0.722748686093837
0.466201580282607 -0.205629837654894 0.860448985360563
-0.637619016980127 -0.698851211499981 0.324112593661994
0.736829879921776 -0.276457729570742 0.616970705799758
0.161165904094023 -0.819149910245929 -0.550471594091505
-0.563274398886044 -0.682881636712734 0.465182353276759
0.801830749785682 0.176795120817423 0.570798505563289
0.379519138702273 -0.87834308408438 -0.290652111638337
-0.265209916413642 -0.736655736430267 0.622094869147986
-0.618575434271633 -0.0687488040720659 0.782711973879486
-0.124914278919374 -0.935428629267134 0.330710904672742
-0.472834681381815 -0.423560050130374 0.772673442028463
0.572177469223789 -0.781211860693222 -0.249641688074917
-0.0932267440592534 -0.712711482680585 0.695234576705843
0.604202217631741 -0.0359315746382323 0.796020478475839
-0.757612247629304 -0.618642822229801 0.208097911439836
-0.993693822005246 0.0141859788059961 -0.111226553097367
0.437655930838428 -0.868012672340278 -0.234544850420207
0.765796153728928 -0.0339167463915078 0.642188372090459
0.44011047464532 -0.76368755308519 0.472317786421627
-0.800721012868113 -0.466950193939338 0.375237759202719
0.497578143373934 -0.663701756146193 -0.558494377881288
-0.790939232079504 -0.611893927639762 -0.000975948292762025
-0.873788881147926 -0.334506485748682 0.35298498859629
-0.423763908654704 -0.826148594800314 0.371352459304035
0.613387774044858 -0.732596072831056 0.29505666019395
-0.695579146601293 -0.509721992661948 0.506313283462077
-0.45126441126261 -0.417366534172688 0.788774750661105
-0.288811799875939 -0.74887411172083 0.596469034440815
-0.931748617588083 -0.340099303072429 0.127188748214394
-0.821635268836503 -0.457561844158423 0.339930351357907
-0.54531138307604 -0.557221154190177 0.626210891641676
-0.969389044048237 -0.225447270773676 -0.0972543540410697
-0.596542348232157 -0.571475449539879 0.563518444541842
-0.111929130989084 -0.741846845795767 0.661161952186376
-0.375455112000695 -0.645515262847846 0.665089095011353
-0.452828987323788 -0.558884031315532 0.694690253119916
-0.807292438852353 -0.534155497111379 0.250911982730031
0.208090071249752 -0.659606875971136 0.722230774350464
-0.866425644358324 -0.0958091843900719 0.490027757361531
0.0893464386281259 -0.679148703388307 0.728542553726584
0.26676019948312 -0.962770191982394 -0.0437327497638762
-0.538811867162408 -0.548524366935108 0.639376876875758
0.387955888978576 -0.538265733644856 0.748171255923808
-0.213025344867297 -0.865588123881171 0.45318583631888
0.393913240061476 -0.584477190916046 -0.709379145875573
-0.977380532802605 -0.082200044979872 -0.194860069546849
-0.876922519866979 -0.204566176677955 0.434924790635705
0.691230049404298 -0.291293444841103 0.661323784384876
0.598749041587114 -0.369101409490059 0.710819059051573
-0.968306248982499 -0.224018743056014 -0.110447322018445
0.351927456625896 -0.933143760128773 -0.0734151769429445
-0.182086181470701 -0.983205066845658 -0.0123458108864724
0.307768051543318 -0.728187873880905 0.612389783374965
0.575053274674248 -0.513859224998414 0.636602252721786
-0.48178259848456 -0.148723882207376 0.863577868323773
0.0287167508402067 -0.957221687524459 0.287927055265754
0.58138998435204 -0.721232889592391 -0.376575098838657
-0.395915940574698 -0.788368980223945 0.470876755658537
-0.573158702459229 -0.600056175811901 0.558051689062268
0.659056943707433 -0.484473318940971 0.575264763552696
0.324539416054332 -0.934158827018739 0.148396271280944
0.750660872151378 -0.250302532587906 0.611438383813947
0.697575296320408 -0.507471766091432 0.505827156826854
0.204165886400973 -0.849485324161917 0.486508966889232
0.393321001864894 -0.65382750198481 0.646380837541074
-0.772432778540463 -0.609957163575946 0.176917667966336
0.825447618914426 -0.0846107347960747 0.558101471047848
0.411506847851648 -0.89493273985215 -0.172503638546914
0.293504279293834 -0.929830816053815 0.221968221943825
0.475417847832671 -0.855750480313276 -0.204129824880511
0.334696932179479 -0.804374300318674 -0.490876714233309
0.736927240014919 -0.62401860704075 0.259882706217468
-0.627500468854848 -0.778615590399861 -0.000961235258728239
-0.942070477236302 -0.333870147721113 -0.0321549433283507
0.122678764082422 -0.985864039710974 0.114114048425108
0.257180756195544 -0.938276158896286 -0.231291824951768
-0.941704804421536 -0.336383915507543 0.00615814235061409
-0.871825558011534 -0.464019635826891 0.156862914562225
0.656523015976882 -0.714439504545387 -0.241978767327964
-0.992588502077654 -0.0319271973671075 0.11725493427366
-0.0231226922829732 -0.622010163507502 0.782667680177838
-0.599785100617208 -0.479159531052055 0.640830692835152
0.489924358039729 -0.733277640377478 -0.471463705413043
0.660291605018013 -0.114995857716316 0.74215291487053
-0.743407126953278 -0.492634764094528 0.452390133403242
0.601471364372732 -0.249252771132941 0.75901597738266
0.524773252937253 -0.524591164530029 0.670385816600174
0.492972644736246 -0.795118039807696 -0.353221282362938
-0.17237489892024 -0.807132640148408 0.564644840080291
0.0145552041452062 -0.995918796297984 0.0890724267810583
0.777299317009761 -0.602330250205981 0.181670144665986
0.164423770293785 -0.898914208720259 -0.406101057771593
0.64191560584691 -0.685194398363187 0.344170003663749
0.309410050696524 -0.742999044585724 0.593479435425252
-0.028072102859762 -0.727001522330342 0.686061763670295
0.413381694863136 -0.667802717981616 0.618995237629861
0.986479799377859 -0.161634702556382 -0.0270523261278868
0.56834016703655 -0.279357348006275 0.773917906917632
0.898575599673567 -0.386717543502902 0.207391979638487
-0.595393344615724 -0.500637337594713 0.628386044874787
0.740028455545604 -0.074276653104494 0.668461564928293
0.158312874493448 -0.647279483390244 0.745631480123848
-0.517596779492051 -0.353285395558193 0.779283647425473
0.258976174181033 -0.959929610746507 0.107081667985767
0.390621096157365 -0.901664555687949 -0.185516005381942
-0.734503469141476 -0.507739483310604 0.450228021014482
-0.607370448746783 -0.389715234733331 0.692259470000863
-0.0922379892944515 -0.988944035581527 0.116111359558999
0.68546717461048 -0.412584473649769 0.599923999048769
0.627121005572346 -0.525974959463051 0.57451682863757
0.684886200307168 -0.0715269874924675 0.725130872800946
-0.556895621755769 -0.265408394963025 0.787035990506411
-0.992273370685688 -0.0174895780264043 0.122831887099892
0.402794405718062 -0.541540156083211 0.737896284088492
0.32319222252655 -0.857565358308531 -0.400160522200167
0.634552949147871 -0.697564793480551 -0.332785086240619
0.525448259433678 -0.837493317485213 -0.150030229706317
0.701104289271526 -0.538926361488637 -0.466916644014418
-0.774662891798254 -0.627866246713969 0.0753749315626919
0.202497447119312 -0.664083786555062 0.719713490456343
0.628679355411527 -0.319494197961789 0.709003332536668
-0.95348895621353 -0.2558086082831 -0.159438910894096
-0.7129807762367 -0.322534589571186 0.622599270194769
0.305272772933731 -0.569210004564163 0.763418957591057
-0.408496826664735 -0.259991840554065 0.874948333017528
0.634328739115747 -0.612314592328965 -0.471908773761243
0.637293635518772 -0.732711323211487 -0.238727750722319
-0.238492143789906 -0.411093561960452 0.879842929542065
-0.494737765379764 -0.253014083978838 0.831395463552326
0.294093598231257 -0.513983892088796 0.805809849873185
0.691461761711213 -0.714403556013123 0.107276238035411
-0.128117322066766 -0.920713086090397 0.368610044475645
-0.232160256769813 -0.790648113590091 0.56654847599566
0.134189086118355 -0.864374742798333 0.484612828120589
0.102934475162659 -0.82817238693784 0.55094009777531
0.162622628695854 -0.986205235895358 0.0308725335635245
-0.00808210003046316 -0.777645588813357 0.628650950733572
-0.743485047481687 -0.530102596786904 0.407702368218452
-0.752258637876823 -0.627236256560006 0.201696852222085
0.441852370512551 -0.888578890652468 -0.123264097608626
-0.645570316083916 -0.695520192502362 0.315421351231635
0.331919870790654 -0.747173550300304 -0.575813238043338
-0.194153016786757 -0.650632444195917 0.734153954312205
-0.242959939490156 -0.771797885826718 0.587621043901891
-0.331310651465431 -0.82856932130586 0.451338157057762
0.476150312370814 -0.474723037156584 0.740215453784913
0.425510749195056 -0.491957531160336 0.759551439899951
-0.502169651388202 -0.536695946561927 0.678073080256581
0.426042226699017 -0.902070253013535 0.0689730360172688
0.752533775001791 0.0484719735624774 0.65676737530157
-0.67102803954624 -0.126535225052153 0.730554725509137
-0.841388387165726 -0.537001923650301 0.0607825298793615
0.449987251950947 -0.871706494866344 -0.194008401595056
0.698220477984407 -0.296198764477341 0.651731889694929
-0.757542694503387 -0.552109891204614 0.348286855965853
0.379840863333063 -0.900806727230515 0.210399996954948
0.370912904909844 -0.274989761767237 0.887019868940115
0.447083678696843 -0.834360300084473 -0.322426850441843
0.792548325447807 0.328193686621515 0.513961142394692
0.522463025013661 -0.419865430345856 0.74212223244831
-0.0448746479548653 -0.981250907414679 0.187437783461064
0.0493714224107175 -0.995662794815584 -0.0788546870462596
-0.424891528991902 -0.403655016594387 0.810265275184065
0.880503284443902 -0.260576671995081 0.395997176878154
-0.466365387684684 -0.712788846783059 0.523865808267146
-0.517713428075823 -0.626188163115874 0.582976149395108
-0.673430187016944 -0.508449609978064 0.536629087291658
-0.699581957010294 -0.579318627281241 0.418300147634
-0.130249531019788 -0.585704732191393 0.799990641418844
-0.864617771250198 -0.412751947904002 0.286482004914433
-0.110653602498669 -0.611041073445535 0.783826885744929
0.550665188264401 -0.446891154019299 0.705022089648992
-0.435639948202886 -0.224101828410767 0.87177761271596
-0.830466249187483 -0.545430371141548 0.113276295829564
-0.893471082662142 -0.441417383057994 0.082825831603259
0.628864264433423 -0.377733856641542 0.679593165405095
-0.427870488206402 -0.451387042883023 0.783055925741792
-0.98223619502687 -0.162273538722174 -0.0942303338088095
0.41122776821448 -0.524869129441358 0.745254399254918
0.771381642047388 0.358344933974599 0.525889028795064
0.5632496207268 -0.329486750524553 0.75775216659531
-0.0412821211074242 -0.775357964958813 0.630171256605536
-0.865166536269949 -0.355553288401451 0.353650567121804
-0.718815722350476 -0.0584467243405985 0.692739444319159
0.883331469443138 0.185862088381194 0.430326386820525
0.416913980204036 -0.905307129287667 0.0812510601244866
0.430984571800469 -0.892033599937399 0.136118901893496
0.0253829626117239 -0.825689810576226 0.563553051557392
0.0633553593042941 -0.973433698191889 -0.220029392745346
-0.994703161847257 -0.0725543899337338 0.0728112650103867
0.541197443697831 -0.416751516439642 0.730358473956585
0.206500300811271 -0.968327896863593 0.140352092683315
-0.40046947426056 -0.393223414174846 0.827646994031966
0.518007226571074 -0.414448670477768 0.748265202157199
-0.343999280806335 -0.605117424790787 0.717981474008411
0.676105121519585 0.408634371736514 0.613106691278517
0.311914188931654 -0.522725036240414 0.793390241451561
0.906542388072615 -0.399286684074815 0.136934446170926
0.857760401617683 -0.30339479200065 0.414968304336071
-0.312756862635243 -0.695085600392804 0.647332335822284
0.62853656787109 -0.634362201188257 0.450029310770333
0.201273413957512 -0.962447172907094 -0.18216600175947
0.304001793068485 -0.952506363500278 0.0177351995371283
0.229058675399874 -0.900155712655164 -0.370475122239441
-0.376372187192177 -0.862482119599088 0.338332041166723
0.296611269455754 -0.546009091896264 0.783515045419335
0.0703243637874413 -0.9805055477908 -0.183475760277361
0.48359346705496 -0.268738035569501 0.83301694272086
0.807612186551508 -0.550529322014207 0.211376492865384
-0.823452148749842 -0.562331937742949 0.0755602442659437
0.705202066426586 -0.172961826299498 0.687585814390332
0.354739560038419 -0.907162364866559 -0.226310159545392
-0.804794854484202 -0.591737875265197 0.0463845790363849
0.605257712058787 -0.505452918486217 0.614963778760284
0.168364057765129 -0.980950533359042 0.096899923402816
-0.779755396565455 -0.547652303054034 0.303411398082972
0.555095674930544 -0.73998478977979 -0.379856950137764
-0.851441341758959 -0.47941955673429 0.212613570038229
-0.323193289172731 -0.552922015218444 0.767999572213739
0.675426996986325 -0.611659827896263 -0.411910945083946
-0.973405051465221 -0.197536250517985 0.116026012226939
-0.981971859061116 -0.0348667684522401 0.185783681925386
-0.0758036198414809 -0.911278232641144 0.404753991868347
0.0871965603109599 -0.407138336872733 0.909194772597402
-0.958408316709032 -0.240239946997967 0.154072276316583
0.47813848656345 -0.820950194054572 -0.312128765974194
-0.353204862738795 -0.000656582322832462 0.935545773245394
0.60838500546536 -0.722450793881398 0.328530874568969
-0.882227750382139 -0.414149700082342 0.223951383959502
-0.253547533223263 -0.474448246115629 0.842978356871754
0.60742715581722 -0.766636842488403 -0.208087006118149
0.330744578617399 -0.897050856764706 0.293100296985358
-0.552979111374004 -0.451193613872958 0.700455869548023
-0.983002586545406 0.18330919971608 -0.010180969722569
-0.609119073583897 -0.697567456544316 0.377324260771275
0.379204971480997 -0.593110042515297 0.710228179581463
0.452582321680041 -0.682577329883724 0.573809577152133
0.341699939287789 -0.898228052235445 -0.276455272454768
0.392126536708795 -0.580037322831468 0.713998237624764
-0.473766601528393 -0.832098014593062 0.288371464237571
0.717180381407517 -0.340659298459653 0.607950279954821
0.314846349656292 -0.778323352768525 0.543216839432716
-0.961809517252738 -0.255415063951492 0.0984154338948428
0.51512965023769 -0.780670895393317 -0.35382820200175
-0.323079880931169 -0.810034149140155 0.489350659307092
0.57816737449333 -0.59921892448384 0.553768153302372
0.59752706710911 -0.586496107658055 -0.546794037800282
-0.864968910314909 -0.433651476945456 0.252537483815104
-0.911247835463018 -0.318572513181255 0.261034358292818
-0.918106419337361 -0.391230071898541 -0.0634005805477501
-0.898074583488279 -0.439593225513408 -0.0148269543424248
0.496678546942598 -0.78055521654615 -0.379531256854534
-0.545882733117301 -0.803017189628081 0.239113853313029
0.804919889020453 0.226649873126752 0.548392019700259
-0.431932539009157 -0.654544619416844 0.620488213375211
0.516373826027494 -0.855107572007203 0.0463585169054569
0.732446994973736 -0.598459104145907 0.324604528956115
0.571784753944705 -0.360931325477529 0.736743356566876
0.6227561509798 -0.162489614151701 0.7653573686257
-0.0299463868626006 -0.934446591805611 -0.354841909836978
0.719388721619034 -0.372874887527543 0.586041112430394
-0.661648519896544 -0.562729841527201 0.495536438189447
-0.876380100970966 -0.404692263564231 0.261117005255073
-0.718604264630015 -0.648607837766694 0.250830188859254
0.349955035814438 -0.936620396182444 0.0165440733544529
-0.0131253104397603 -0.345102487301544 0.938473227899522
0.158626415394475 -0.414988230810915 0.895891973748803
0.548193928797381 -0.654012882858055 -0.521297003142536
0.27315528622112 -0.957471474918236 -0.0929223564453423
0.476873021186979 -0.844222958674577 -0.244703325908631
-0.988877499886734 -0.14805457243653 0.014182164799422
0.364558984836748 -0.607028608692837 -0.706125353462994
-0.104669062697094 -0.990747093654437 0.0863978224806487
0.00340904492242887 -0.315316939955797 0.948980297893286
-0.927615316733386 -0.316920955336914 -0.197714269161224
-0.406482298459889 -0.751121241900813 0.520181719213724
0.57142958646036 -0.13350848846462 0.809718291275203
0.37039853433743 -0.916539053324041 -0.150867788121104
0.707634930626844 -0.501424072520333 0.49782196059823
-0.843122554845766 -0.420797813617237 0.334773890208453
0.141302194235959 -0.961987588684468 -0.233695462346077
-0.96688836417447 -0.144769608144857 0.210163393057883
0.42088511642949 -0.742278911024956 -0.521418964955955
-0.957555259376332 -0.242283962596996 0.156161476392299
-0.894469056513352 -0.433539045807341 0.109402937348932
-0.870809385602886 -0.411607455860744 0.268831389956176
0.528764972733141 -0.719696512885948 -0.449938365723938
0.815054057569478 -0.385893805553689 0.432172250468284
0.283747934971873 -0.927643063783501 -0.242828037124127
0.218635774537036 -0.764939277313792 0.60585996741429
0.277369387805846 -0.500003485538849 0.820404008496553
0.378626019960516 -0.726957497311407 0.572865720838308
-0.633300326596739 -0.718941874395174 0.286449432838708
0.6442897345263 -0.759324846750328 0.0911949290893972
-0.925540015964993 -0.374617025710883 0.0551159041933715
0.832340699028306 -0.518935112720027 0.194718539249152
-0.751914920678806 -0.611008152769974 0.24757420970127
-0.710942629569193 -0.636192452801158 0.299699416849762
-0.901961382196807 -0.431142781979029 0.0241156914271415
0.613468827637562 -0.786175918304697 0.0747223058715462
0.734085991219052 -0.101734558659379 0.671392461284995
-0.363434608907384 -0.466154727176346 0.806607125792652
-0.706337947837531 -0.693356825529726 0.14262894494459
0.338615793212967 -0.818078643230114 -0.464851242955774
0.400490247514987 -0.649370294289398 0.646471795625985
0.403351625616178 -0.912791472116679 -0.064180951565504
-0.904878769520462 -0.423948241003258 -0.0382400499656796
0.452928668342938 -0.483997782135662 0.748733442742378
0.773459761457997 -0.503235328560023 0.385375403333455
-0.778068423500651 -0.605605282833549 0.166888494975865
0.61469926574589 -0.569677765424037 0.545538317877799
-0.996975313601454 0.0188643805558852 0.0753946895711123
-0.815430308944968 -0.564963946924712 0.126052171457559
0.51720751671405 -0.150101443352981 0.84259476698935
0.260209348250737 -0.958589643970919 -0.115745365153998
-0.729017247885572 -0.298899839771972 0.615786276292056
-0.674899778829022 -0.690869346497997 0.259248596150428
0.411175105325615 -0.901844060430473 0.132711429148912
0.42835489411809 -0.882136134244111 -0.195826263166964
-0.0273069993419394 -0.918063772522068 0.395491134375334
0.270301271223936 -0.960110732053737 -0.0715863462537526
0.69859521112368 -0.645577725177044 0.308535462711006
-0.678951620253417 -0.726983929060553 -0.102562489453703
0.274432118100652 -0.872876302377932 0.403452566359192
-0.341715230553795 -0.586431788012427 0.734389855060726
0.252851852294532 -0.926514759991558 0.278632984962314
0.693518490632316 -0.71121904951309 -0.114889367483556
-0.898710845608561 -0.367024208867565 0.240025094710291
0.432536357351381 -0.402973214031011 0.806551231071353
-0.0223509843373335 -0.523694334757376 0.851612985599786
-0.685434951562583 -0.514036184092031 0.515699261799455
0.413283083716246 -0.910599139399256 0.00250998791307208
-0.971980110792255 -0.23449677337643 0.0163072836585343
0.769081951239815 -0.251054102384124 0.587779541965574
-0.342015986779499 -0.85036773591997 0.399874703492969
0.687737148234443 -0.398693753678399 0.606680233497173
-0.598819862821247 -0.270390055496808 0.753859396558255
0.399275532950808 -0.358054442629221 0.844023734796792
0.282930376230906 -0.944210482380265 -0.168573328759521
0.616962561606887 -0.419883775814022 0.665623626671731
0.487796010977308 -0.298103809053728 0.820481060538441
0.268616720180002 -0.848083966950041 -0.456726003903896
-0.183208898189505 -0.818310484856058 0.544795787427574
0.115260311774156 -0.983536001378824 -0.139183312654495
0.314375121815285 -0.856957454286754 -0.408402013126761
0.455133539605441 -0.890383106158523 0.0084489877335727
0.54438843094432 -0.711915474785979 -0.443641288671642
-0.428553108873559 -0.420089728561935 0.799916778691113
0.559450219660996 -0.826854098676959 -0.0576866641640662
0.32310451284346 -0.932867466031377 -0.159253774210811
-0.312087415725968 -0.678507288498331 0.6650032363832
-0.557789196025136 -0.214190091544404 0.801868952810764
0.815522358494727 -0.546970002059096 0.189069034066051
-0.209696427235319 -0.373123682128873 0.903773271478713
0.443731730890806 -0.896133486384255 -0.00685022491961707
-0.368100202498013 -0.747141535710364 0.553427291102707
0.151195641805331 -0.957955238018371 0.243847575038671
-0.974610216487107 0.171879443625577 0.143500462640077
0.407774703054435 -0.166596495666961 0.89775575697422
-0.634455431668711 -0.336578586793134 0.695831272751093
0.0310972462053038 -0.997802703115895 -0.0585040762089193
-0.979984877542778 0.0652761891885665 0.188065570779145
-0.937196877350865 -0.0503699379073787 -0.345144726801664
0.0630701301650122 -0.856436898591952 0.512384618632495
0.147081869758763 -0.989095928721258 0.00749448966234933
-0.34397160159993 -0.307511992921107 0.887197786010802
0.510323910381209 -0.795991465334502 0.325525872409344
-0.915424167064373 -0.334812586095362 0.223381123971194
0.443980895211439 -0.764700055112024 0.467027612030506
0.212020189859958 -0.565208778773551 0.797236775048077
-0.330675801690025 -0.684175021560284 0.650044655427337
0.317341715709732 -0.948195370373032 -0.0148248127661646
0.440504540529312 -0.679696787924071 0.586487873923033
0.352421686561268 -0.722068109474186 0.5953289847821
-0.84154047552328 -0.53371950414165 0.083385364152491
0.662913313761674 -0.231844838760518 0.711894591338933
-0.984725353328187 -0.167428194651338 -0.0477888914756477
0.142415113383151 -0.534147290107075 0.833309431094676
0.804502551588471 -0.119267449545034 0.581851286813617
-0.449223173032404 -0.58913007649026 0.671657869592309
0.340305752799506 -0.861100000805161 -0.377754924818874
-0.532673532211541 -0.188237435562241 0.825121552217752
-0.349575636544008 -0.280727571468367 0.893861792981625
0.241087987776573 -0.970424679907929 0.012350011151284
0.393893100265575 -0.837897138377865 -0.377857924439013
0.774547715067954 -0.522801263731437 0.356026228982955
-0.056502275801443 -0.322807714769169 0.944776519667357
-0.438519725956865 -0.433911367775551 0.787033274304122
-0.636903838022481 -0.585372298527576 0.50168991740793
-0.365500507752739 -0.744037016227051 0.559301615692675
0.206678924238359 -0.972034502638824 -0.111502232961357
-0.732460564893325 -0.678512653409479 0.0558757553808391
0.396392655549676 -0.917357681135966 -0.0364382695406676
0.464473139737852 -0.741323414551197 -0.484462895896286
0.570019167040172 -0.226532599957995 0.789785496424884
0.341107273179691 -0.937697558397543 -0.0660992977209388
0.585664200283332 -0.810482553454708 0.0107459318824112
-0.993953069522523 -0.053139138812675 0.0960912457667292
-0.287201889544616 -0.740545687177047 0.607541899662465
0.493294458700045 -0.799286138577471 -0.343223317526281
0.666846077297913 -0.742840905976893 0.0591920400038362
-0.0427944797958103 -0.331699303198843 0.942414030432701
-0.935799964528064 0.328027431498762 -0.129137254785746
-0.898761818786681 -0.437246630726336 0.0322889611124993
-0.628481566308245 -0.546752656980506 0.553238152060658
0.474286746073591 -0.758826893426948 -0.44635616755113
0.174492898945163 -0.983930227014804 0.0378620731644333
0.407525178830149 -0.913186144108171 -0.00378085020929569
0.202088659410713 -0.768605439282433 -0.606964457314461
0.26614583884338 -0.963180425951843 -0.0380770210176707
0.551258525552285 -0.0452638705649113 0.833105767611414
-0.847963084905666 -0.472685000069826 0.23984890524298
-0.204855443817576 -0.29095739799437 0.934546970296651
0.558449927098833 -0.75383650420005 -0.34621410118416
0.546447483307962 -0.302062001812484 0.781123354565352
-0.956221612903675 -0.287382859248992 -0.0552387475036086
-0.499287111448715 -0.824293201345829 0.266932760365307
-0.105248578514097 -0.741653742771594 0.662474499549717
-0.362734809804482 -0.868032344119201 0.339032900054008
-0.341431703982028 -0.547344679786584 0.764093052595854
-0.0879694049651709 -0.426781288886786 0.900066172704101
-0.578711551522785 -0.529219191123805 0.620499788783491
0.740497394636266 -0.0265731201975009 0.671533675864339
0.721221572678293 -0.638119359884508 0.269523886963725
0.00910540099105113 -0.998830496851565 0.0474839997477828
-0.79754324508714 -0.293659946052644 0.526961676310748
-0.398690719660645 -0.451875135848159 0.798031685873866
-0.185358488966424 -0.930174287033273 0.316888034343719
-0.399143519986418 -0.809143922411107 0.431243044324219
-0.867595221101572 -0.490598223877064 0.0811906093731523
-0.489483656103716 -0.626934210563114 0.606101679615676
-0.973311619126753 0.0126800123679597 -0.22913687909022
-0.842823322804798 -0.530310305949501 0.0917596095241606
0.41213508080892 -0.886162557532629 -0.211803202982992
-0.286154796097892 -0.456633113800281 0.842378556262702
-0.915848417326956 -0.328388818313983 0.231046446599066
0.869520436431111 -0.150413018082717 0.470436111092567
0.487234517167827 -0.872258463758659 -0.0420439969748259
0.5828715038146 -0.67135057179401 -0.457765463739634
0.158744414848286 -0.646163131606962 0.746507480274886
-0.438511916782121 -0.192578591670329 0.877850092481822
0.522687618564915 -0.419179157025611 0.742351997178048
-0.106042010989207 -0.987557772744354 0.116123802028596
0.618344125889864 -0.334798395679643 0.711027830839157
0.266774988841958 -0.958452860265983 0.100991187617183
0.5566263180952 -0.819777056345431 0.134657788090408
0.402366165626762 -0.861315037806306 -0.310222298372537
-0.855398742292349 -0.471013764743327 0.215497158002108
0.101950123365834 -0.766225696798665 0.634432308375835
0.703661162985542 -0.590788571439643 0.394752874039114
0.469774507240844 -0.766116240508104 -0.438608958385885
0.598973902271947 -0.711013197291065 0.368361911270767
-0.083451111454165 -0.955900796728548 0.28158405283466
0.226375131145704 -0.961370057283024 0.156594741158187
0.595442795028178 -0.803135670674175 -0.0205176104791462
-0.797096574248324 -0.559641018868531 0.2268016343005
0.413296283794551 -0.468380969222688 0.780900409445167
-0.291768671720088 -0.38348538660777 0.876247682143003
0.447477822126941 -0.879734883908925 -0.160717555787414
-0.307972688863492 -0.863896310612398 0.398542328272015
-0.953602789679192 0.161877134866471 0.253845450468361
0.496298355460519 -0.855745330238525 -0.146245930343866
0.365280139502828 -0.885235428909508 -0.287973358295858
-0.63862621756018 -0.592037668962697 0.491577005945146
0.635484182236768 0.182896803281557 0.750139062758535
-0.523038497893013 -0.799305597942452 0.295873775146902
-0.908498780254175 -0.41673341274954 -0.0310359303839504
-0.718293065824836 -0.691158990323178 0.0797139992937445
-0.326206289827542 -0.838781265382016 0.435930551029742
0.183778114988484 -0.828146741756564 0.529526749625802
-0.518641809116014 -0.585461259997064 0.623093722388148
-0.920406586473577 -0.252075587959241 0.298847140744328
0.310120782299756 -0.83981118578008 -0.44558082614094
-0.646703095758272 0.0837700680569646 0.758127747569233
-0.604720316263657 -0.394682846710864 0.691764981485903
0.0701476071975498 -0.748012422961801 0.659967217594385
0.142032134284157 -0.98698718618485 0.0753867835737765
0.546959945394231 -0.757297641923885 0.356840440072119
0.639213263491817 -0.581693360743972 0.503030056599528
0.0331202017275144 -0.596745984838415 0.801746394950897
-0.676221358612764 -0.718570943299748 0.162420668639243
0.060667909178439 -0.768491578112256 0.636977314483374
-0.774173265442727 -0.333054126040855 0.53826638776809
0.610933437041742 -0.416496117130283 0.673269128892571
-0.96827870574351 -0.226440015769508 -0.105646898970008
-0.623377904967258 -0.299220662636834 0.722403614781797
-0.315530355957146 -0.400475515552859 0.860267374664545
0.316513388324731 -0.941337200179947 0.117062165401876
-0.935476538373842 -0.353383047707341 0.00201686518266794
0.399342199000328 -0.401236678492518 0.824339090380818
0.490552877314989 -0.456262500130162 0.742416598368436
-0.856542122026767 -0.515411145921101 -0.0262096137739719
0.577633517084319 -0.809992716251733 -0.101248800288886
0.573100717701221 -0.501561529191057 0.648067588917911
-0.390598588268802 -0.615331517648261 0.684689613059163
-0.710578130813871 -0.35265621798884 0.608861488290131
0.226099732040832 -0.970859370018916 -0.0794417699798941
-0.867737870247657 -0.492141424890435 0.0694824182428419
-0.252318040452881 -0.256570341922282 0.933009788859636
0.295902169353676 -0.951532065180655 -0.0838369554840029
-0.431526657228773 -0.68688248189469 0.584788166917861
0.728235506477706 -0.1535205406569 0.667910540942103
-0.871207615521361 -0.477460175178299 -0.114144959487021
-0.446157020753986 -0.567486366266274 0.692028277553618
0.732695901965452 -0.278221696996536 0.621087274514139
-0.971720765928986 -0.20184391849639 0.122547075152397
0.60419030045473 -0.765613948086147 -0.220883144065738
-0.911002656216545 -0.357293445512825 0.205950368195772
-0.0238202199579727 -0.998173711535546 -0.055514310952276
0.545482096324529 -0.810166362609571 0.214661937672645
0.699844134025653 -0.0924142521377793 0.708292167168111
-0.948109585698735 -0.252004836691424 -0.193860196508467
0.345638401792134 -0.936390783337095 -0.0608801781199873
-0.804429435798937 -0.572892206587266 0.157123526092619
-0.591089331061197 -0.127695427527995 0.796434103045613
-0.888729132445404 -0.376693892520689 0.261270435526967
0.14796252848345 -0.986478832691368 0.0704741287045181
0.409208495005279 -0.764475704829381 -0.498121776618063
-0.843001614418059 -0.445664438751643 -0.301216676365584
-0.906436593167154 -0.418652857779477 0.0556999752297998
0.0282559752296159 -0.848064933595277 0.529138420708477
-0.986454677931444 -0.163812917411948 -0.00851448625326153
0.661364796553304 -0.749488423429145 0.0293889269232749
0.0645704249395327 -0.996208262176975 -0.0583074488677085
0.46665339611886 -0.884377238261732 0.0105597507208585
-0.775028406426028 -0.555011854577076 0.302147001493722
0.258686891291459 -0.625670759009178 0.735946461092681
-0.787310686439804 -0.589237678209376 0.181496120058
-0.981991893098073 0.0670166590567628 -0.176637168508023
-0.892471071671697 0.147303689663155 -0.426376604940742
-0.991584005513789 -0.0804570597299327 0.101428898982704
0.145863252181916 -0.960402274319326 0.237384462729096
0.300281761883437 -0.952308527746342 0.0542156016454102
-0.952649996168222 -0.285166603704515 -0.105536689981818
-0.869355134029457 -0.492993653740987 -0.0343352342024444
0.22534843694783 -0.973803466963126 0.0304119992069899
0.78419893150034 -0.0529370581631898 0.618247283622622
-0.24929614008363 -0.298185762588923 0.921377602033317
-0.240077575106157 -0.488016177700868 0.839168021455407
0.576220236006066 -0.00163484935946944 0.817292828112841
-0.936095935132289 -0.122489227282558 0.329728357028216
0.337690605076983 -0.838558854747286 -0.427532574627549
-0.339683987273959 -0.818915922438392 0.462592153809965
-0.230309627197431 -0.541386689996434 0.808614820241928
-0.939529801793572 -0.219119556016405 0.263192651327699
-0.201411392867894 -0.680683977878427 0.704345634672791
0.797934657339252 0.0971828744158667 0.594857774209231
-0.214826383555424 -0.627819270301636 0.748126051388681
-0.365073949588815 -0.838946683491671 0.403595680836588
0.200850009984159 -0.878543485196522 0.433382761664689
-0.660991940901502 -0.612199850129026 0.433936628513038
0.772545695627871 -0.508427169464924 0.380361619405448
0.378251778933596 -0.925653095695562 0.00958843901753416
-0.0645948383046753 -0.277819710039562 0.958459031768143
0.0801589352160625 -0.799797040252105 0.594894309528172
0.853933823922629 0.229352197625401 0.467113041784614
-0.913225576630836 -0.401182378435895 -0.0712161879055203
0.452905706505517 -0.15504725565354 0.877973102964461
0.316801890066322 -0.874730417149335 -0.366719592828303
-0.604053814752809 -0.486721840456194 0.631047414150089
-0.576582497742452 -0.490028462470105 0.653777278028429
-0.900949206698859 -0.35128440566678 0.254734750837088
-0.88523447147688 -0.440356365140565 0.14982056664303
0.131777329837261 -0.988769154871124 -0.0705003100447357
0.628503058971618 -0.628402997841558 0.45835965918377
-0.798288656550488 -0.484571440157646 0.357667080126703
0.390408079686415 -0.52817353500946 0.754065148532391
0.626691104316422 -0.670372287446282 0.397315058857202
-0.844920747461972 -0.508098582264289 0.167166866362095
0.211682027411018 -0.64905577013704 0.730696466751397
-0.370418895199838 -0.898639301394352 0.235026058275253
-0.956381705211217 -0.244220938562447 0.160281524527818
0.267322811189343 -0.948902204265018 -0.167699497193098
-0.371188969231386 -0.678347481859502 0.634084728546441
-0.836613137538837 -0.420724874663682 0.350811969488859
-0.540504301770625 -0.658100272736143 0.524174713995308
-0.638453843730499 -0.430890134927093 0.637738489545882
-0.888395826856345 -0.458517612379231 -0.0226815775968135
0.0339533656919305 -0.974120280872671 0.223465539515018
-0.82924538904242 -0.556111628836242 0.0556052247993648
-0.870946852775012 -0.389720191117188 0.299282061401755
0.358301068080397 -0.769934691488434 -0.528034956660122
0.664347215668469 -0.506318981355817 0.549803479574621
0.358528705629164 -0.890295072868054 -0.280770102515817
0.658677369585106 -0.113506662731029 0.743814735207707
0.0455544842054436 -0.9837304414453 -0.173779191914946
0.601555854311022 -0.78772040934237 -0.132767130155116
-0.934837303330886 -0.355031831266181 0.0056227296590805
-0.34272082737285 -0.527382863779713 0.777437939308584
-0.362132595362553 -0.380554571811251 0.850904343184084
0.229947572564252 -0.941657537719301 -0.245774684473872
-0.490987214471967 -0.626073291817808 0.605775361414999
0.336003689301293 -0.910187698028382 0.242198008112609
-0.566900892573235 0.338359429134355 0.751090057659894
0.13425439187331 -0.980292712382388 -0.144920517224818
-0.262534280514979 -0.868712345099326 0.420017396099865
-0.0460774223230709 -0.980137878475833 -0.192890150938183
0.342469656313758 -0.885802817919321 0.313157950993627
-0.601637977032123 -0.61634471966817 0.508085554931313
0.724421345892753 -0.156220601823928 0.671422994229943
0.361190793354181 -0.804685495942076 0.471192596945912
0.606896494395787 -0.266584907987258 0.748738360125571
-0.672579105516334 -0.293648506514891 0.679270124062896
